2850.	-0.034283
2850.05	-0.027116
2850.1	-0.022774
2850.15	-0.020769
2850.2	-0.018213
2850.25	-0.011232
2850.3	-0.016052
2850.35	-0.015588
2850.4	-0.008269
2850.45	-0.000264
2850.5	0.000939
2850.55	0.011807
2850.6	0.015474
2850.65	0.018075
2850.7	0.015609
2850.75	0.012186
2850.8	0.016223
2850.85	0.02249
2850.9	0.029993
2850.95	0.031765
2851.	0.031789
2851.05	0.036265
2851.1	0.042442
2851.15	0.039629
2851.2	0.041138
2851.25	0.040957
2851.3	0.044976
2851.35	0.047373
2851.4	0.048773
2851.45	0.047236
2851.5	0.039232
2851.55	0.03525
2851.6	0.029834
2851.65	0.017576
2851.7	0.005636
2851.75	-0.002653
2851.8	-0.005703
2851.85	-0.001977
2851.9	0.016147
2851.95	0.048718
2852.	0.101217
2852.05	0.164099
2852.1	0.221771
2852.15	0.273699
2852.2	0.310039
2852.25	0.319068
2852.3	0.309152
2852.35	0.281434
2852.4	0.237725
2852.45	0.195505
2852.5	0.154402
2852.55	0.110036
2852.6	0.076022
2852.65	0.047525
2852.7	0.041288
2852.75	0.039168
2852.8	0.035882
2852.85	0.030384
2852.9	0.02008
2852.95	0.001179
2853.	-0.013209
2853.05	-0.030822
2853.1	-0.028873
2853.15	-0.012574
2853.2	0.0291
2853.25	0.101605
2853.3	0.198211
2853.35	0.310064
2853.4	0.414682
2853.45	0.483265
2853.5	0.506087
2853.55	0.46363
2853.6	0.381219
2853.65	0.27444
2853.7	0.174163
2853.75	0.11187
2853.8	0.084621
2853.85	0.096331
2853.9	0.116083
2853.95	0.123746
2854.	0.12529
2854.05	0.111043
2854.1	0.097246
2854.15	0.087313
2854.2	0.074217
2854.25	0.067777
2854.3	0.064859
2854.35	0.06447
2854.4	0.074463
2854.45	0.092402
2854.5	0.11204
2854.55	0.132965
2854.6	0.140992
2854.65	0.15405
2854.7	0.167772
2854.75	0.168897
2854.8	0.161084
2854.85	0.154822
2854.9	0.145135
2854.95	0.138523
2855.	0.139095
2855.05	0.145682
2855.1	0.158618
2855.15	0.182902
2855.2	0.209297
2855.25	0.233481
2855.3	0.252467
2855.35	0.265683
2855.4	0.265817
2855.45	0.239928
2855.5	0.205345
2855.55	0.178086
2855.6	0.153614
2855.65	0.130473
2855.7	0.118838
2855.75	0.125106
2855.8	0.130931
2855.85	0.143015
2855.9	0.160015
2855.95	0.178448
2856.	0.191667
2856.05	0.203436
2856.1	0.208574
2856.15	0.211759
2856.2	0.205361
2856.25	0.210753
2856.3	0.210524
2856.35	0.204621
2856.4	0.213387
2856.45	0.22629
2856.5	0.24882
2856.55	0.275594
2856.6	0.302419
2856.65	0.325615
2856.7	0.340558
2856.75	0.348273
2856.8	0.345504
2856.85	0.337226
2856.9	0.324543
2856.95	0.310266
2857.	0.303458
2857.05	0.298255
2857.1	0.299168
2857.15	0.304465
2857.2	0.30857
2857.25	0.323821
2857.3	0.338371
2857.35	0.353992
2857.4	0.370766
2857.45	0.381613
2857.5	0.39858
2857.55	0.411284
2857.6	0.430847
2857.65	0.444536
2857.7	0.463911
2857.75	0.486351
2857.8	0.506542
2857.85	0.523907
2857.9	0.548228
2857.95	0.562743
2858.	0.582602
2858.05	0.601303
2858.1	0.620819
2858.15	0.645724
2858.201	0.677583
2858.251	0.719821
2858.301	0.796003
2858.351	0.88955
2858.401	1.010639
2858.451	1.176561
2858.501	1.372666
2858.551	1.598402
2858.601	1.847328
2858.651	2.103476
2858.701	2.328723
2858.751	2.471102
2858.801	2.463298
2858.851	2.20323
2858.901	1.555354
2858.951	0.363302
2859.001	-1.571967
2859.051	-4.479147
2859.101	-8.576289
2859.151	-14.111559
2859.201	-21.293829
2859.251	-30.212632
2859.301	-40.663354
2859.351	-51.91223
2859.401	-62.361417
2859.451	-69.259641
2859.501	-68.696616
2859.551	-56.120406
2859.601	-27.612274
2859.651	18.195004
2859.701	78.142726
2859.751	143.425466
2859.801	200.407053
2859.851	233.939654
2859.901	232.990407
2859.951	195.897767
2860.001	131.59155
2860.051	55.550345
2860.101	-16.978543
2860.151	-75.929956
2860.201	-117.190236
2860.251	-140.234034
2860.301	-145.576701
2860.351	-134.439279
2860.401	-110.198076
2860.451	-78.932807
2860.501	-47.673537
2860.551	-21.665197
2860.601	-3.123828
2860.651	7.823736
2860.701	11.797124
2860.751	9.935454
2860.801	4.2766
2860.851	-2.582834
2860.901	-8.422552
2860.951	-11.944299
2861.001	-12.547002
2861.051	-10.109868
2861.101	-5.031875
2861.151	1.597403
2861.201	8.378027
2861.251	14.075063
2861.301	17.833134
2861.351	19.277644
2861.401	18.584659
2861.451	16.366888
2861.501	13.398919
2861.551	10.347506
2861.601	7.673809
2861.651	5.567399
2861.701	4.007117
2861.751	2.968632
2861.801	2.363361
2861.851	2.02556
2861.901	1.764333
2861.951	1.496466
2862.001	1.245959
2862.051	0.99621
2862.101	0.729362
2862.151	0.550796
2862.201	0.52636
2862.251	0.533759
2862.301	0.4306
2862.351	0.238271
2862.401	0.084588
2862.451	0.084195
2862.501	0.244399
2862.551	0.460019
2862.601	0.5984
2862.651	0.657514
2862.701	0.73374
2862.751	0.895971
2862.801	1.155919
2862.851	1.557906
2862.901	2.16437
2862.951	2.929341
2863.001	3.607194
2863.051	3.874433
2863.101	3.561844
2863.151	2.767372
2863.201	1.76136
2863.251	0.791518
2863.301	-0.019427
2863.351	-0.688264
2863.401	-1.27414
2863.451	-1.7669
2863.501	-2.071017
2863.551	-2.077401
2863.601	-1.764039
2863.651	-1.240327
2863.701	-0.709219
2863.751	-0.358682
2863.801	-0.278085
2863.851	-0.420376
2863.901	-0.679732
2863.951	-0.956455
2864.001	-1.117285
2864.051	-1.08608
2864.101	-0.845425
2864.151	-0.442657
2864.201	-0.000849
2864.251	0.340121
2864.301	0.445478
2864.351	0.304509
2864.401	-0.031188
2864.451	-0.445389
2864.501	-0.812191
2864.551	-1.043098
2864.601	-1.126713
2864.651	-1.083554
2864.701	-0.928817
2864.751	-0.651599
2864.801	-0.267758
2864.851	0.265477
2864.901	0.964182
2864.951	1.759288
2865.001	2.472981
2865.051	2.951059
2865.101	3.163145
2865.151	3.279141
2865.201	3.509116
2865.251	3.936462
2865.301	4.471665
2865.351	4.940274
2865.401	5.213655
2865.451	5.257523
2865.501	5.093475
2865.551	4.76586
2865.601	4.263504
2865.651	3.540659
2865.701	2.55846
2865.751	1.239249
2865.801	-0.399695
2865.851	-2.20231
2865.901	-3.894968
2865.951	-5.21296
2866.001	-6.036866
2866.051	-6.426209
2866.101	-6.526921
2866.151	-6.443487
2866.201	-6.116833
2866.251	-5.511383
2866.301	-4.678718
2866.351	-3.760429
2866.401	-2.854222
2866.451	-1.997921
2866.501	-1.17112
2866.551	-0.355885
2866.601	0.399078
2866.651	1.048817
2866.701	1.57929
2866.751	1.989658
2866.801	2.245388
2866.851	2.292136
2866.901	2.096979
2866.951	1.706746
2867.001	1.230444
2867.051	0.858013
2867.101	0.730829
2867.151	0.910936
2867.201	1.305094
2867.251	1.727454
2867.301	2.007097
2867.351	2.082753
2867.401	1.994921
2867.451	1.857147
2867.501	1.766809
2867.551	1.750898
2867.601	1.746293
2867.651	1.623409
2867.701	1.293602
2867.751	0.811954
2867.801	0.322853
2867.851	-0.026656
2867.901	-0.205174
2867.951	-0.295509
2868.001	-0.421893
2868.051	-0.593519
2868.101	-0.710704
2868.151	-0.667341
2868.201	-0.428666
2868.251	-0.083668
2868.301	0.228707
2868.351	0.423157
2868.401	0.488771
2868.451	0.475011
2868.501	0.481055
2868.551	0.564989
2868.601	0.648876
2868.651	0.620126
2868.701	0.367989
2868.751	-0.098095
2868.801	-0.601798
2868.851	-0.941029
2868.901	-0.987004
2868.951	-0.778075
2869.001	-0.467809
2869.051	-0.203588
2869.101	0.002501
2869.151	0.186081
2869.201	0.387175
2869.251	0.57628
2869.301	0.679549
2869.351	0.665152
2869.401	0.526187
2869.451	0.314241
2869.501	0.132428
2869.551	0.015997
2869.601	-0.025977
2869.651	-0.024304
2869.701	-0.017412
2869.751	0.00988
2869.801	0.069875
2869.851	0.13291
2869.901	0.158772
2869.951	0.130656
2870.001	0.11326
2870.051	0.187982
2870.101	0.352447
2870.151	0.538774
2870.201	0.64677
2870.251	0.641532
2870.301	0.531564
2870.351	0.335995
2870.401	0.093214
2870.451	-0.141435
2870.501	-0.324096
2870.551	-0.419318
2870.601	-0.434983
2870.651	-0.395234
2870.701	-0.309811
2870.751	-0.17151
2870.801	0.002119
2870.851	0.188885
2870.901	0.348804
2870.951	0.444726
2871.001	0.45028
2871.051	0.353193
2871.101	0.190113
2871.151	0.023744
2871.201	-0.099008
2871.251	-0.122917
2871.301	-0.020593
2871.351	0.191204
2871.401	0.447786
2871.451	0.663837
2871.501	0.746897
2871.551	0.685631
2871.601	0.441881
2871.651	0.066887
2871.701	-0.374102
2871.751	-0.79833
2871.801	-1.157926
2871.851	-1.437369
2871.901	-1.620578
2871.951	-1.658799
2872.001	-1.510298
2872.051	-1.182723
2872.101	-0.723641
2872.151	-0.252051
2872.201	0.148348
2872.251	0.440559
2872.301	0.614886
2872.351	0.682233
2872.401	0.674904
2872.451	0.646351
2872.501	0.653462
2872.551	0.718187
2872.601	0.821602
2872.651	0.922783
2872.701	1.041897
2872.751	1.256545
2872.801	1.610522
2872.851	2.087333
2872.901	2.562213
2872.951	2.865819
2873.001	2.892163
2873.051	2.651829
2873.101	2.273956
2873.151	1.869822
2873.201	1.504265
2873.251	1.181832
2873.301	0.878981
2873.351	0.580848
2873.401	0.269024
2873.451	-0.063738
2873.501	-0.406848
2873.551	-0.689089
2873.601	-0.871918
2873.651	-0.957501
2873.701	-0.961678
2873.751	-0.908952
2873.801	-0.788739
2873.851	-0.523347
2873.901	-0.112305
2873.951	0.376799
2874.001	0.798842
2874.051	1.022405
2874.101	0.985775
2874.151	0.728813
2874.201	0.299019
2874.251	-0.197465
2874.301	-0.65461
2874.351	-0.957024
2874.401	-1.010213
2874.451	-0.824317
2874.501	-0.477533
2874.551	-0.092256
2874.602	0.270133
2874.652	0.591235
2874.702	0.83637
2874.752	0.949771
2874.802	0.8971
2874.852	0.719273
2874.902	0.520661
2874.952	0.401008
2875.002	0.423897
2875.052	0.588197
2875.102	0.801065
2875.152	0.965572
2875.202	0.96372
2875.252	0.755878
2875.302	0.37099
2875.352	-0.07353
2875.402	-0.442097
2875.452	-0.618413
2875.502	-0.535311
2875.552	-0.251594
2875.602	0.132788
2875.652	0.521116
2875.702	0.885061
2875.752	1.235099
2875.802	1.537893
2875.852	1.680736
2875.902	1.523539
2875.952	0.996628
2876.002	0.194938
2876.052	-0.622997
2876.102	-1.21477
2876.152	-1.403329
2876.202	-1.183577
2876.252	-0.694437
2876.302	-0.124586
2876.352	0.366714
2876.402	0.684332
2876.452	0.830792
2876.502	0.847585
2876.552	0.812977
2876.602	0.766983
2876.652	0.705242
2876.702	0.590821
2876.752	0.422722
2876.802	0.25475
2876.852	0.151683
2876.902	0.125434
2876.952	0.135561
2877.002	0.136766
2877.052	0.115212
2877.102	0.064571
2877.152	0.008773
2877.202	-0.011484
2877.252	0.018683
2877.302	0.101203
2877.352	0.241496
2877.402	0.434128
2877.452	0.658711
2877.502	0.902214
2877.552	1.124557
2877.602	1.251874
2877.652	1.202854
2877.702	0.948487
2877.752	0.535243
2877.802	0.05142
2877.852	-0.400752
2877.902	-0.761078
2877.952	-0.949064
2878.002	-0.914126
2878.052	-0.638603
2878.102	-0.179507
2878.152	0.334948
2878.202	0.780574
2878.252	1.037907
2878.302	1.073051
2878.352	0.894117
2878.402	0.555646
2878.452	0.178205
2878.502	-0.129875
2878.552	-0.316807
2878.602	-0.381586
2878.652	-0.373053
2878.702	-0.33673
2878.752	-0.282378
2878.802	-0.209442
2878.852	-0.115895
2878.902	-0.050515
2878.952	-0.093882
2879.002	-0.273813
2879.052	-0.507865
2879.102	-0.657399
2879.152	-0.632028
2879.202	-0.447639
2879.252	-0.199542
2879.302	0.01385
2879.352	0.152215
2879.402	0.180417
2879.452	0.056056
2879.502	-0.260043
2879.552	-0.744154
2879.602	-1.272321
2879.652	-1.663802
2879.702	-1.76835
2879.752	-1.542838
2879.802	-1.029717
2879.852	-0.364272
2879.902	0.329296
2879.952	0.915131
2880.002	1.281235
2880.052	1.381805
2880.102	1.230108
2880.152	0.901446
2880.202	0.488245
2880.252	0.065264
2880.302	-0.304808
2880.352	-0.543484
2880.402	-0.607108
2880.452	-0.49468
2880.502	-0.301018
2880.552	-0.168827
2880.602	-0.187454
2880.652	-0.33526
2880.702	-0.508657
2880.752	-0.603311
2880.802	-0.57291
2880.852	-0.460334
2880.902	-0.328108
2880.952	-0.237095
2881.002	-0.209058
2881.052	-0.181385
2881.102	-0.117215
2881.152	-0.019549
2881.202	0.072606
2881.252	0.057646
2881.302	-0.099458
2881.352	-0.38008
2881.402	-0.692575
2881.452	-0.891841
2881.502	-0.87925
2881.552	-0.633013
2881.602	-0.255926
2881.652	0.069762
2881.702	0.22602
2881.752	0.206537
2881.802	0.099107
2881.852	-0.015596
2881.902	-0.114871
2881.952	-0.230269
2882.002	-0.37542
2882.052	-0.506877
2882.102	-0.533367
2882.152	-0.433975
2882.202	-0.219326
2882.252	0.028333
2882.302	0.220682
2882.352	0.279808
2882.402	0.181401
2882.452	-0.044714
2882.502	-0.314862
2882.552	-0.538136
2882.602	-0.653859
2882.652	-0.662103
2882.702	-0.588936
2882.752	-0.492695
2882.802	-0.398013
2882.852	-0.302926
2882.902	-0.219794
2882.952	-0.174616
2883.002	-0.212463
2883.052	-0.323
2883.102	-0.518056
2883.152	-0.760222
2883.202	-1.008864
2883.252	-1.20664
2883.302	-1.269954
2883.352	-1.154598
2883.402	-0.865157
2883.452	-0.459182
2883.502	-0.053138
2883.552	0.23086
2883.602	0.314208
2883.652	0.185226
2883.702	-0.104235
2883.752	-0.405761
2883.802	-0.588219
2883.852	-0.605311
2883.902	-0.533716
2883.952	-0.46497
2884.002	-0.451925
2884.052	-0.475173
2884.102	-0.473088
2884.152	-0.402215
2884.202	-0.294079
2884.252	-0.235431
2884.302	-0.270107
2884.352	-0.41481
2884.402	-0.571441
2884.452	-0.639252
2884.502	-0.558194
2884.552	-0.37954
2884.602	-0.17684
2884.652	-0.044369
2884.702	-0.037491
2884.752	-0.153823
2884.802	-0.331307
2884.852	-0.486332
2884.902	-0.591103
2884.952	-0.67521
2885.002	-0.734538
2885.052	-0.73506
2885.102	-0.607941
2885.152	-0.344964
2885.202	-0.023214
2885.252	0.176616
2885.302	0.134832
2885.352	-0.131278
2885.402	-0.493181
2885.452	-0.778063
2885.502	-0.908811
2885.552	-0.877742
2885.602	-0.747189
2885.652	-0.58162
2885.702	-0.388919
2885.752	-0.159198
2885.802	0.064879
2885.852	0.227014
2885.902	0.269449
2885.952	0.172819
2886.002	-0.052641
2886.052	-0.361882
2886.102	-0.676741
2886.152	-0.925532
2886.202	-1.047705
2886.252	-1.058948
2886.302	-0.986686
2886.352	-0.850082
2886.402	-0.677802
2886.452	-0.486069
2886.502	-0.320016
2886.552	-0.242061
2886.602	-0.299504
2886.652	-0.469064
2886.702	-0.664815
2886.752	-0.764132
2886.802	-0.722102
2886.852	-0.547547
2886.902	-0.305762
2886.952	-0.091061
2887.002	0.020326
2887.052	0.019545
2887.102	-0.078609
2887.152	-0.237992
2887.202	-0.422694
2887.252	-0.602364
2887.302	-0.754667
2887.352	-0.842026
2887.402	-0.866471
2887.452	-0.822558
2887.502	-0.699796
2887.552	-0.493737
2887.602	-0.232644
2887.652	0.027542
2887.702	0.22124
2887.752	0.313384
2887.802	0.294185
2887.852	0.202451
2887.902	0.043335
2887.952	-0.162932
2888.002	-0.404564
2888.052	-0.64153
2888.102	-0.817778
2888.152	-0.912918
2888.202	-0.943239
2888.252	-0.903214
2888.302	-0.799779
2888.352	-0.620343
2888.402	-0.393631
2888.452	-0.183048
2888.502	-0.057425
2888.552	-0.037959
2888.602	-0.092412
2888.652	-0.170929
2888.702	-0.216077
2888.752	-0.235791
2888.802	-0.268425
2888.852	-0.35928
2888.902	-0.545097
2888.952	-0.816719
2889.002	-1.088722
2889.052	-1.262711
2889.102	-1.257124
2889.152	-1.071215
2889.202	-0.78481
2889.252	-0.521521
2889.302	-0.352627
2889.352	-0.288606
2889.402	-0.267449
2889.452	-0.230802
2889.502	-0.128684
2889.552	-0.010799
2889.602	0.050237
2889.652	0.00768
2889.702	-0.171565
2889.752	-0.424604
2889.802	-0.675895
2889.852	-0.843698
2889.902	-0.876469
2889.952	-0.788629
2890.002	-0.643108
2890.052	-0.492916
2890.102	-0.359655
2890.152	-0.262031
2890.202	-0.185202
2890.252	-0.152426
2890.302	-0.18137
2890.352	-0.291468
2890.402	-0.437475
2890.452	-0.551892
2890.502	-0.555399
2890.552	-0.458526
2890.602	-0.323207
2890.652	-0.245737
2890.702	-0.273077
2890.752	-0.38601
2890.802	-0.509693
2890.852	-0.563632
2890.902	-0.508905
2890.952	-0.37621
2891.003	-0.244319
2891.053	-0.186642
2891.103	-0.191426
2891.153	-0.205808
2891.203	-0.178215
2891.253	-0.083544
2891.303	0.028556
2891.353	0.118247
2891.403	0.14569
2891.453	0.094854
2891.503	-0.05981
2891.553	-0.293926
2891.603	-0.60908
2891.653	-0.92026
2891.703	-1.132147
2891.753	-1.172188
2891.803	-1.050222
2891.853	-0.842429
2891.903	-0.611287
2891.953	-0.427962
2892.003	-0.311048
2892.053	-0.261843
2892.103	-0.268739
2892.153	-0.301655
2892.203	-0.360937
2892.253	-0.441105
2892.303	-0.552822
2892.353	-0.690051
2892.403	-0.807618
2892.453	-0.853151
2892.503	-0.827825
2892.553	-0.763734
2892.603	-0.705109
2892.653	-0.659157
2892.703	-0.589913
2892.753	-0.455448
2892.803	-0.262367
2892.853	-0.060293
2892.903	0.087091
2892.953	0.118064
2893.003	0.048622
2893.053	-0.073427
2893.103	-0.162719
2893.153	-0.187962
2893.203	-0.163958
2893.253	-0.114299
2893.303	-0.069791
2893.353	-0.029642
2893.403	-0.016335
2893.453	-0.047118
2893.503	-0.12707
2893.553	-0.212289
2893.603	-0.250751
2893.653	-0.217336
2893.703	-0.119527
2893.753	-0.011683
2893.803	0.074487
2893.853	0.107053
2893.903	0.063224
2893.953	-0.061688
2894.003	-0.244518
2894.053	-0.4474
2894.103	-0.590459
2894.153	-0.638192
2894.203	-0.6028
2894.253	-0.56174
2894.303	-0.534162
2894.353	-0.526917
2894.403	-0.488546
2894.453	-0.417003
2894.503	-0.339157
2894.553	-0.296156
2894.603	-0.290312
2894.653	-0.274687
2894.703	-0.230824
2894.753	-0.144715
2894.803	-0.023205
2894.853	0.106202
2894.903	0.22121
2894.953	0.314046
2895.003	0.396394
2895.053	0.421535
2895.103	0.364606
2895.153	0.238274
2895.203	0.052849
2895.253	-0.141289
2895.303	-0.313322
2895.353	-0.432244
2895.403	-0.46478
2895.453	-0.416475
2895.503	-0.276948
2895.553	-0.053712
2895.603	0.181985
2895.653	0.355848
2895.703	0.425038
2895.753	0.344459
2895.803	0.148305
2895.853	-0.121852
2895.903	-0.383246
2895.953	-0.541303
2896.003	-0.565021
2896.053	-0.472066
2896.103	-0.347925
2896.153	-0.246507
2896.203	-0.184679
2896.253	-0.140664
2896.303	-0.072794
2896.353	0.00881
2896.403	0.077011
2896.453	0.089567
2896.503	0.049704
2896.553	-0.014631
2896.603	-0.057574
2896.653	-0.011115
2896.703	0.124727
2896.753	0.304442
2896.803	0.45313
2896.853	0.493543
2896.903	0.395571
2896.953	0.185859
2897.003	-0.075291
2897.053	-0.354315
2897.103	-0.625796
2897.153	-0.844674
2897.203	-0.997081
2897.253	-1.057113
2897.303	-1.002468
2897.353	-0.84168
2897.403	-0.57374
2897.453	-0.220333
2897.503	0.119113
2897.553	0.345785
2897.603	0.378234
2897.653	0.242204
2897.703	0.025681
2897.753	-0.174389
2897.803	-0.307173
2897.853	-0.396398
2897.903	-0.479722
2897.953	-0.579027
2898.003	-0.680472
2898.053	-0.783015
2898.103	-0.873537
2898.153	-0.938635
2898.203	-0.978031
2898.253	-0.999151
2898.303	-0.996469
2898.353	-0.954841
2898.403	-0.84473
2898.453	-0.685112
2898.503	-0.494419
2898.553	-0.305299
2898.603	-0.189137
2898.653	-0.178587
2898.703	-0.263507
2898.753	-0.407671
2898.803	-0.546858
2898.853	-0.611919
2898.903	-0.579425
2898.953	-0.469007
2899.003	-0.296276
2899.053	-0.081862
2899.103	0.16147
2899.153	0.386758
2899.203	0.561998
2899.253	0.653935
2899.303	0.630749
2899.353	0.509007
2899.403	0.313713
2899.453	0.100802
2899.503	-0.093809
2899.553	-0.201741
2899.603	-0.152679
2899.653	0.080596
2899.703	0.412856
2899.753	0.727676
2899.803	0.895736
2899.853	0.85946
2899.903	0.632264
2899.953	0.307
2900.003	-0.007419
2900.053	-0.221164
2900.103	-0.274881
2900.153	-0.21086
2900.203	-0.106061
2900.253	-0.036092
2900.303	-0.064205
2900.353	-0.173296
2900.403	-0.301155
2900.453	-0.401453
2900.503	-0.447776
2900.553	-0.468805
2900.603	-0.473705
2900.653	-0.466758
2900.703	-0.427232
2900.753	-0.357891
2900.803	-0.267519
2900.853	-0.23539
2900.903	-0.297902
2900.953	-0.45746
2901.003	-0.655384
2901.053	-0.845802
2901.103	-1.00759
2901.153	-1.145947
2901.203	-1.256186
2901.253	-1.290558
2901.303	-1.201224
2901.353	-0.994064
2901.403	-0.731749
2901.453	-0.500668
2901.503	-0.365827
2901.553	-0.35671
2901.603	-0.479994
2901.653	-0.676278
2901.703	-0.871595
2901.753	-1.008522
2901.803	-1.05309
2901.853	-1.035555
2901.903	-0.98236
2901.953	-0.88747
2902.003	-0.731727
2902.053	-0.53838
2902.103	-0.373324
2902.153	-0.290033
2902.203	-0.309221
2902.253	-0.393159
2902.303	-0.486889
2902.353	-0.528028
2902.403	-0.513875
2902.453	-0.461786
2902.503	-0.384047
2902.553	-0.310407
2902.603	-0.251145
2902.653	-0.199371
2902.703	-0.137647
2902.753	-0.077754
2902.803	-0.074137
2902.853	-0.149681
2902.903	-0.29526
2902.953	-0.465647
2903.003	-0.57625
2903.053	-0.582584
2903.103	-0.470086
2903.153	-0.267401
2903.203	-0.032844
2903.253	0.182449
2903.303	0.328153
2903.353	0.361669
2903.403	0.271077
2903.453	0.096653
2903.503	-0.137395
2903.553	-0.400484
2903.603	-0.656368
2903.653	-0.873023
2903.703	-0.977283
2903.753	-0.925481
2903.803	-0.738323
2903.853	-0.462534
2903.903	-0.17016
2903.953	0.064485
2904.003	0.227353
2904.053	0.283938
2904.103	0.240362
2904.153	0.123569
2904.203	-0.021309
2904.253	-0.160087
2904.303	-0.269959
2904.353	-0.348297
2904.403	-0.393652
2904.453	-0.446215
2904.503	-0.542021
2904.553	-0.645935
2904.603	-0.717484
2904.653	-0.7131
2904.703	-0.649801
2904.753	-0.557901
2904.803	-0.471951
2904.853	-0.392361
2904.903	-0.312848
2904.953	-0.216795
2905.003	-0.105429
2905.053	0.002376
2905.103	0.038263
2905.153	-0.050375
2905.203	-0.300508
2905.253	-0.664495
2905.303	-1.03438
2905.353	-1.269539
2905.403	-1.318998
2905.453	-1.182137
2905.503	-0.934183
2905.553	-0.680131
2905.603	-0.477256
2905.653	-0.332822
2905.703	-0.224673
2905.753	-0.137534
2905.803	-0.115447
2905.853	-0.188451
2905.903	-0.359373
2905.953	-0.583228
2906.003	-0.777708
2906.053	-0.870014
2906.103	-0.867444
2906.153	-0.789088
2906.203	-0.705058
2906.253	-0.675913
2906.303	-0.698947
2906.353	-0.74768
2906.403	-0.774459
2906.453	-0.7479
2906.503	-0.692379
2906.553	-0.633354
2906.603	-0.577798
2906.653	-0.517257
2906.703	-0.425306
2906.753	-0.274723
2906.803	-0.087965
2906.853	0.069172
2906.903	0.105835
2906.953	-0.000982
2907.003	-0.217939
2907.053	-0.451787
2907.103	-0.639041
2907.153	-0.754753
2907.203	-0.783759
2907.253	-0.724167
2907.303	-0.59839
2907.354	-0.446039
2907.404	-0.320778
2907.454	-0.250335
2907.504	-0.220367
2907.554	-0.215124
2907.604	-0.235763
2907.654	-0.265974
2907.704	-0.310072
2907.754	-0.356099
2907.804	-0.401653
2907.854	-0.469181
2907.904	-0.583593
2907.954	-0.704843
2908.004	-0.797092
2908.054	-0.830159
2908.104	-0.805786
2908.154	-0.729905
2908.204	-0.633054
2908.254	-0.525765
2908.304	-0.399591
2908.354	-0.247647
2908.404	-0.074128
2908.454	0.099214
2908.504	0.245192
2908.554	0.324225
2908.604	0.341201
2908.654	0.279953
2908.704	0.144645
2908.754	-0.034296
2908.804	-0.215629
2908.854	-0.362139
2908.904	-0.427804
2908.954	-0.405565
2909.004	-0.311754
2909.054	-0.172756
2909.104	-0.035317
2909.154	0.058862
2909.204	0.055771
2909.254	-0.054589
2909.304	-0.246474
2909.354	-0.463827
2909.404	-0.668619
2909.454	-0.791173
2909.504	-0.830812
2909.554	-0.819111
2909.604	-0.806607
2909.654	-0.800301
2909.704	-0.785238
2909.754	-0.74932
2909.804	-0.676908
2909.854	-0.583445
2909.904	-0.478646
2909.954	-0.367928
2910.004	-0.247037
2910.054	-0.124494
2910.104	-0.004886
2910.154	0.081707
2910.204	0.118497
2910.254	0.118441
2910.304	0.106774
2910.354	0.116879
2910.404	0.12244
2910.454	0.101018
2910.504	0.03465
2910.554	-0.094126
2910.604	-0.243431
2910.654	-0.363121
2910.704	-0.430489
2910.754	-0.446313
2910.804	-0.434012
2910.854	-0.417635
2910.904	-0.423681
2910.954	-0.45168
2911.004	-0.479051
2911.054	-0.455814
2911.104	-0.385339
2911.154	-0.267586
2911.204	-0.151742
2911.254	-0.076555
2911.304	-0.02544
2911.354	0.01419
2911.404	0.055616
2911.454	0.084879
2911.504	0.082315
2911.554	0.010301
2911.604	-0.124906
2911.654	-0.269961
2911.704	-0.367497
2911.754	-0.387854
2911.804	-0.313645
2911.854	-0.158769
2911.904	0.031531
2911.954	0.209373
2912.004	0.343602
2912.054	0.424342
2912.104	0.431054
2912.154	0.373639
2912.204	0.269511
2912.254	0.136721
2912.304	-0.012087
2912.354	-0.185105
2912.404	-0.36524
2912.454	-0.513847
2912.504	-0.592828
2912.554	-0.587716
2912.604	-0.532112
2912.654	-0.476855
2912.704	-0.462211
2912.754	-0.490354
2912.804	-0.532573
2912.854	-0.585231
2912.904	-0.613255
2912.954	-0.584924
2913.004	-0.459854
2913.054	-0.228599
2913.104	0.064358
2913.154	0.338935
2913.204	0.540345
2913.254	0.643127
2913.304	0.66338
2913.354	0.60431
2913.404	0.46526
2913.454	0.244902
2913.504	-0.038194
2913.554	-0.322803
2913.604	-0.565433
2913.654	-0.729819
2913.704	-0.828678
2913.754	-0.852046
2913.804	-0.801549
2913.854	-0.681075
2913.904	-0.514411
2913.954	-0.313653
2914.004	-0.077368
2914.054	0.144023
2914.104	0.314602
2914.154	0.404016
2914.204	0.367629
2914.254	0.219105
2914.304	0.014242
2914.354	-0.197687
2914.404	-0.365367
2914.454	-0.45172
2914.504	-0.48263
2914.554	-0.472686
2914.604	-0.440776
2914.654	-0.37669
2914.704	-0.272975
2914.754	-0.143183
2914.804	-0.014309
2914.854	0.060838
2914.904	0.058646
2914.954	-0.035673
2915.004	-0.190524
2915.054	-0.362126
2915.104	-0.515162
2915.154	-0.621303
2915.204	-0.675677
2915.254	-0.695462
2915.304	-0.691472
2915.354	-0.666608
2915.404	-0.610562
2915.454	-0.493345
2915.504	-0.319581
2915.554	-0.128433
2915.604	0.024785
2915.654	0.109959
2915.704	0.138087
2915.754	0.117057
2915.804	0.056638
2915.854	-0.05433
2915.904	-0.203689
2915.954	-0.38709
2916.004	-0.588472
2916.054	-0.764259
2916.104	-0.886349
2916.154	-0.93726
2916.204	-0.908579
2916.254	-0.81703
2916.304	-0.651735
2916.354	-0.428619
2916.404	-0.181065
2916.454	0.017057
2916.504	0.120031
2916.554	0.094386
2916.604	-0.059075
2916.654	-0.271094
2916.704	-0.472669
2916.754	-0.617587
2916.804	-0.664091
2916.854	-0.614574
2916.904	-0.474548
2916.954	-0.29629
2917.004	-0.131299
2917.054	-0.017948
2917.104	0.033458
2917.154	0.046626
2917.204	0.024326
2917.254	-0.035973
2917.304	-0.132618
2917.354	-0.244287
2917.404	-0.360407
2917.454	-0.45616
2917.504	-0.508293
2917.554	-0.508623
2917.604	-0.446327
2917.654	-0.343545
2917.704	-0.215004
2917.754	-0.079942
2917.804	0.028012
2917.854	0.077585
2917.904	0.060233
2917.954	-0.003477
2918.004	-0.108397
2918.054	-0.256831
2918.104	-0.424098
2918.154	-0.583561
2918.204	-0.703658
2918.254	-0.748264
2918.304	-0.70276
2918.354	-0.588726
2918.404	-0.483822
2918.454	-0.426534
2918.504	-0.436626
2918.554	-0.487788
2918.604	-0.544944
2918.654	-0.583498
2918.704	-0.583882
2918.754	-0.55455
2918.804	-0.502359
2918.854	-0.467044
2918.904	-0.458416
2918.954	-0.481439
2919.004	-0.521258
2919.054	-0.575033
2919.104	-0.635254
2919.154	-0.717824
2919.204	-0.813269
2919.254	-0.88485
2919.304	-0.886761
2919.354	-0.81888
2919.404	-0.678202
2919.454	-0.523532
2919.504	-0.408604
2919.554	-0.33493
2919.604	-0.308244
2919.654	-0.308813
2919.704	-0.333215
2919.754	-0.395643
2919.804	-0.492584
2919.854	-0.597738
2919.904	-0.678607
2919.954	-0.717623
2920.004	-0.700741
2920.054	-0.634918
2920.104	-0.54871
2920.154	-0.479836
2920.204	-0.448668
2920.254	-0.4626
2920.304	-0.51836
2920.354	-0.58725
2920.404	-0.641128
2920.454	-0.628302
2920.504	-0.554332
2920.554	-0.441313
2920.604	-0.341741
2920.654	-0.303642
2920.704	-0.368996
2920.754	-0.530916
2920.804	-0.757
2920.854	-0.98177
2920.904	-1.149306
2920.954	-1.222499
2921.004	-1.201372
2921.054	-1.105449
2921.104	-0.981442
2921.154	-0.799627
2921.204	-0.566774
2921.254	-0.30422
2921.304	-0.057209
2921.354	0.108198
2921.404	0.155286
2921.454	0.067434
2921.504	-0.126682
2921.554	-0.377451
2921.604	-0.630923
2921.654	-0.832461
2921.704	-0.965852
2921.754	-1.025857
2921.804	-1.022605
2921.854	-0.956102
2921.904	-0.83716
2921.954	-0.703627
2922.004	-0.571954
2922.054	-0.460498
2922.104	-0.399646
2922.154	-0.388226
2922.204	-0.412775
2922.254	-0.467297
2922.304	-0.510202
2922.354	-0.549682
2922.404	-0.581275
2922.454	-0.616801
2922.504	-0.680232
2922.554	-0.767597
2922.604	-0.87712
2922.654	-0.953416
2922.704	-0.982964
2922.754	-0.961475
2922.804	-0.897393
2922.854	-0.807968
2922.904	-0.706088
2922.954	-0.594067
2923.004	-0.468925
2923.054	-0.3492
2923.104	-0.262622
2923.154	-0.224129
2923.204	-0.252496
2923.254	-0.355865
2923.304	-0.492435
2923.354	-0.644696
2923.404	-0.80131
2923.454	-0.925992
2923.504	-1.018108
2923.554	-1.058285
2923.604	-1.031817
2923.654	-0.945443
2923.704	-0.825116
2923.755	-0.700722
2923.805	-0.620462
2923.855	-0.574374
2923.905	-0.572163
2923.955	-0.582381
2924.005	-0.608332
2924.055	-0.637613
2924.105	-0.674521
2924.155	-0.744408
2924.205	-0.851613
2924.255	-0.970622
2924.305	-1.087424
2924.355	-1.190415
2924.405	-1.2648
2924.455	-1.313382
2924.505	-1.326093
2924.555	-1.28612
2924.605	-1.173032
2924.655	-0.9856
2924.705	-0.779651
2924.755	-0.595109
2924.805	-0.485962
2924.855	-0.490605
2924.905	-0.596995
2924.955	-0.775328
2925.005	-0.989552
2925.055	-1.176063
2925.105	-1.295131
2925.155	-1.341071
2925.205	-1.294109
2925.255	-1.169402
2925.305	-0.99883
2925.355	-0.829786
2925.405	-0.701261
2925.455	-0.655644
2925.505	-0.6897
2925.555	-0.756537
2925.605	-0.82801
2925.655	-0.875225
2925.705	-0.907946
2925.755	-0.939959
2925.805	-0.964273
2925.855	-0.957455
2925.905	-0.904515
2925.955	-0.832352
2926.005	-0.783017
2926.055	-0.774057
2926.105	-0.82312
2926.155	-0.897009
2926.205	-0.971163
2926.255	-1.024532
2926.305	-1.040149
2926.355	-1.034966
2926.405	-1.033097
2926.455	-1.019485
2926.505	-1.000151
2926.555	-0.951534
2926.605	-0.885834
2926.655	-0.829023
2926.705	-0.811594
2926.755	-0.867861
2926.805	-0.970862
2926.855	-1.046352
2926.905	-1.05053
2926.955	-0.956674
2927.005	-0.797776
2927.055	-0.654151
2927.105	-0.597319
2927.155	-0.634037
2927.205	-0.719643
2927.255	-0.81963
2927.305	-0.889235
2927.355	-0.92849
2927.405	-0.944859
2927.455	-0.947541
2927.505	-0.932588
2927.555	-0.899186
2927.605	-0.850897
2927.655	-0.792221
2927.705	-0.743712
2927.755	-0.715295
2927.805	-0.752969
2927.855	-0.842111
2927.905	-0.956716
2927.955	-1.074038
2928.005	-1.144576
2928.055	-1.147699
2928.105	-1.100597
2928.155	-1.002166
2928.205	-0.898633
2928.255	-0.809693
2928.305	-0.733272
2928.355	-0.666784
2928.405	-0.639475
2928.455	-0.657925
2928.505	-0.716864
2928.555	-0.810041
2928.605	-0.908327
2928.655	-0.99021
2928.705	-1.025919
2928.755	-1.008413
2928.805	-0.931201
2928.855	-0.81046
2928.905	-0.675929
2928.955	-0.570792
2929.005	-0.515447
2929.055	-0.556115
2929.105	-0.65846
2929.155	-0.789372
2929.205	-0.897855
2929.255	-0.961389
2929.305	-0.968305
2929.355	-0.928319
2929.405	-0.878112
2929.455	-0.818983
2929.505	-0.77214
2929.555	-0.739492
2929.605	-0.703454
2929.655	-0.663245
2929.705	-0.615239
2929.755	-0.593474
2929.805	-0.611094
2929.855	-0.654921
2929.905	-0.709521
2929.955	-0.758576
2930.005	-0.790328
2930.055	-0.798743
2930.105	-0.794925
2930.155	-0.779245
2930.205	-0.751589
2930.255	-0.710757
2930.305	-0.655652
2930.355	-0.598559
2930.405	-0.569536
2930.455	-0.568996
2930.505	-0.561119
2930.555	-0.527141
2930.605	-0.440791
2930.655	-0.328887
2930.705	-0.247076
2930.755	-0.257097
2930.805	-0.353988
2930.855	-0.513566
2930.905	-0.689453
2930.955	-0.8254
2931.005	-0.884756
2931.055	-0.855941
2931.105	-0.7585
2931.155	-0.630831
2931.205	-0.513971
2931.255	-0.437473
2931.305	-0.383471
2931.355	-0.361263
2931.405	-0.36673
2931.455	-0.41206
2931.505	-0.483811
2931.555	-0.570785
2931.605	-0.644255
2931.655	-0.681474
2931.705	-0.689465
2931.755	-0.678113
2931.805	-0.668412
2931.855	-0.655685
2931.905	-0.615407
2931.955	-0.560808
2932.005	-0.525627
2932.055	-0.512649
2932.105	-0.546947
2932.155	-0.6072
2932.205	-0.636834
2932.255	-0.600569
2932.305	-0.50008
2932.355	-0.348986
2932.405	-0.199245
2932.455	-0.103418
2932.505	-0.089836
2932.555	-0.162166
2932.605	-0.302367
2932.655	-0.488003
2932.705	-0.671709
2932.755	-0.823466
2932.805	-0.93267
2932.855	-0.971111
2932.905	-0.933319
2932.955	-0.825394
2933.005	-0.657307
2933.055	-0.491303
2933.105	-0.376239
2933.155	-0.330995
2933.205	-0.346649
2933.255	-0.390268
2933.305	-0.439587
2933.355	-0.489473
2933.405	-0.527239
2933.455	-0.557388
2933.505	-0.576915
2933.555	-0.596944
2933.605	-0.614923
2933.655	-0.642745
2933.705	-0.665507
2933.755	-0.673073
2933.805	-0.649081
2933.855	-0.603965
2933.905	-0.533172
2933.955	-0.468594
2934.005	-0.432327
2934.055	-0.430766
2934.105	-0.438345
2934.155	-0.444492
2934.205	-0.455678
2934.255	-0.478728
2934.305	-0.533467
2934.355	-0.623563
2934.405	-0.736916
2934.455	-0.8551
2934.505	-0.947399
2934.555	-1.00416
2934.605	-0.992338
2934.655	-0.939917
2934.705	-0.873346
2934.755	-0.820704
2934.805	-0.777501
2934.855	-0.74904
2934.905	-0.710473
2934.955	-0.663997
2935.005	-0.624655
2935.055	-0.603964
2935.105	-0.629194
2935.155	-0.66456
2935.205	-0.705332
2935.255	-0.734464
2935.305	-0.760816
2935.355	-0.79017
2935.405	-0.842549
2935.455	-0.882099
2935.505	-0.902624
2935.555	-0.897325
2935.605	-0.853363
2935.655	-0.796276
2935.705	-0.739292
2935.755	-0.699265
2935.805	-0.68824
2935.855	-0.690579
2935.905	-0.682553
2935.955	-0.65809
2936.005	-0.616559
2936.055	-0.580003
2936.105	-0.566171
2936.155	-0.61213
2936.205	-0.712247
2936.255	-0.842766
2936.305	-0.966362
2936.355	-1.044815
2936.405	-1.059959
2936.455	-1.03201
2936.505	-0.981095
2936.555	-0.921492
2936.605	-0.833127
2936.655	-0.7405
2936.705	-0.656248
2936.755	-0.598558
2936.805	-0.580583
2936.855	-0.601622
2936.905	-0.657229
2936.955	-0.758051
2937.005	-0.872393
2937.055	-0.992669
2937.105	-1.07917
2937.155	-1.129648
2937.205	-1.14112
2937.255	-1.111206
2937.305	-1.066951
2937.355	-0.99671
2937.405	-0.912381
2937.455	-0.832337
2937.505	-0.760677
2937.555	-0.722793
2937.605	-0.709213
2937.655	-0.712757
2937.705	-0.722576
2937.755	-0.743398
2937.805	-0.771629
2937.855	-0.815657
2937.905	-0.856442
2937.955	-0.891923
2938.005	-0.910747
2938.055	-0.913365
2938.105	-0.91168
2938.155	-0.912552
2938.205	-0.903366
2938.255	-0.882883
2938.305	-0.867391
2938.355	-0.855868
2938.405	-0.864829
2938.455	-0.875496
2938.505	-0.882183
2938.555	-0.869074
2938.605	-0.833127
2938.655	-0.8104
2938.705	-0.797816
2938.755	-0.816132
2938.805	-0.874206
2938.855	-0.972651
2938.905	-1.081828
2938.955	-1.184372
2939.005	-1.258161
2939.055	-1.272662
2939.105	-1.230738
2939.155	-1.145548
2939.205	-1.039643
2939.255	-0.89828
2939.305	-0.75393
2939.355	-0.612895
2939.405	-0.476046
2939.455	-0.342114
2939.505	-0.230535
2939.555	-0.147404
2939.605	-0.107601
2939.655	-0.105004
2939.705	-0.132754
2939.755	-0.200751
2939.805	-0.293626
2939.855	-0.398907
2939.905	-0.535248
2939.955	-0.69714
2940.005	-0.892561
2940.055	-1.111744
2940.105	-1.330302
2940.156	-1.526061
2940.206	-1.661215
2940.256	-1.733745
2940.306	-1.763823
2940.356	-1.756599
2940.406	-1.732953
2940.456	-1.706809
2940.506	-1.700567
2940.556	-1.695722
2940.606	-1.681015
2940.656	-1.64237
2940.706	-1.569141
2940.756	-1.468746
2940.806	-1.347048
2940.856	-1.217705
2940.906	-1.082764
2940.956	-0.9445
2941.006	-0.831134
2941.056	-0.752296
2941.106	-0.706262
2941.156	-0.716392
2941.206	-0.767585
2941.256	-0.83403
2941.306	-0.885886
2941.356	-0.898626
2941.406	-0.87078
2941.456	-0.816061
2941.506	-0.754515
2941.556	-0.712208
2941.606	-0.699446
2941.656	-0.694342
2941.706	-0.702782
2941.756	-0.721057
2941.806	-0.736115
2941.856	-0.743485
2941.906	-0.752616
2941.956	-0.763369
2942.006	-0.767762
2942.056	-0.782104
2942.106	-0.792084
2942.156	-0.819861
2942.206	-0.86088
2942.256	-0.920605
2942.306	-1.011204
2942.356	-1.139124
2942.406	-1.300046
2942.456	-1.484142
2942.506	-1.683788
2942.556	-1.872116
2942.606	-2.051591
2942.656	-2.212327
2942.706	-2.323463
2942.756	-2.3642
2942.806	-2.314962
2942.856	-2.197501
2942.906	-2.039266
2942.956	-1.886106
2943.006	-1.749299
2943.056	-1.63934
2943.106	-1.521151
2943.156	-1.403134
2943.206	-1.253994
2943.256	-1.103096
2943.306	-0.97045
2943.356	-0.875806
2943.406	-0.833103
2943.456	-0.82436
2943.506	-0.82586
2943.556	-0.808895
2943.606	-0.76849
2943.656	-0.71388
2943.706	-0.657469
2943.756	-0.613559
2943.806	-0.581409
2943.856	-0.56336
2943.906	-0.555638
2943.956	-0.553686
2944.006	-0.575041
2944.056	-0.641048
2944.106	-0.767584
2944.156	-0.921163
2944.206	-1.076609
2944.256	-1.199387
2944.306	-1.257309
2944.356	-1.253771
2944.406	-1.197875
2944.456	-1.100555
2944.506	-0.989419
2944.556	-0.9001
2944.606	-0.85421
2944.656	-0.86676
2944.706	-0.92236
2944.756	-1.000592
2944.806	-1.100804
2944.856	-1.203661
2944.906	-1.27381
2944.956	-1.309036
2945.006	-1.303684
2945.056	-1.239068
2945.106	-1.128075
2945.156	-1.020808
2945.206	-0.934522
2945.256	-0.902615
2945.306	-0.931069
2945.356	-1.024546
2945.406	-1.152595
2945.456	-1.28042
2945.506	-1.38055
2945.556	-1.430478
2945.606	-1.438378
2945.656	-1.413826
2945.706	-1.386083
2945.756	-1.371812
2945.806	-1.377182
2945.856	-1.410332
2945.906	-1.471914
2945.956	-1.545585
2946.006	-1.61343
2946.056	-1.665125
2946.106	-1.672135
2946.156	-1.643124
2946.206	-1.574636
2946.256	-1.502991
2946.306	-1.431252
2946.356	-1.36638
2946.406	-1.30705
2946.456	-1.270481
2946.506	-1.26411
2946.556	-1.302536
2946.606	-1.349437
2946.656	-1.389078
2946.706	-1.402887
2946.756	-1.387206
2946.806	-1.350098
2946.856	-1.301206
2946.906	-1.268153
2946.956	-1.27171
2947.006	-1.319372
2947.056	-1.428462
2947.106	-1.601599
2947.156	-1.782825
2947.206	-1.932884
2947.256	-2.016182
2947.306	-2.011891
2947.356	-1.896911
2947.406	-1.678585
2947.456	-1.358542
2947.506	-0.981429
2947.556	-0.582208
2947.606	-0.183946
2947.656	0.166241
2947.706	0.458465
2947.756	0.682846
2947.806	0.843189
2947.856	0.937187
2947.906	0.945629
2947.956	0.896415
2948.006	0.762261
2948.056	0.55754
2948.106	0.269993
2948.156	-0.068034
2948.206	-0.448281
2948.256	-0.857529
2948.306	-1.287608
2948.356	-1.732133
2948.406	-2.134882
2948.456	-2.447975
2948.506	-2.606638
2948.556	-2.590197
2948.606	-2.413417
2948.656	-2.123523
2948.706	-1.77992
2948.756	-1.433271
2948.806	-1.129066
2948.856	-0.891516
2948.906	-0.748664
2948.956	-0.685681
2949.006	-0.699002
2949.056	-0.742203
2949.106	-0.784445
2949.156	-0.806128
2949.206	-0.795794
2949.256	-0.778082
2949.306	-0.76553
2949.356	-0.788194
2949.406	-0.866918
2949.456	-0.985493
2949.506	-1.136779
2949.556	-1.289966
2949.606	-1.424719
2949.656	-1.525227
2949.706	-1.593145
2949.756	-1.620171
2949.806	-1.625391
2949.856	-1.605557
2949.906	-1.573683
2949.956	-1.506411
2950.006	-1.403747
2950.056	-1.290815
2950.106	-1.172302
2950.156	-1.075613
2950.206	-0.987134
2950.256	-0.89668
2950.306	-0.812797
2950.356	-0.719743
2950.406	-0.628861
2950.456	-0.535092
2950.506	-0.449483
2950.556	-0.389611
2950.606	-0.380127
2950.656	-0.448853
2950.706	-0.566736
2950.756	-0.684258
2950.806	-0.775484
2950.856	-0.803182
2950.906	-0.784618
2950.956	-0.73609
2951.006	-0.675159
2951.056	-0.614247
2951.106	-0.561454
2951.156	-0.515605
2951.206	-0.500635
2951.256	-0.514062
2951.306	-0.56295
2951.356	-0.637332
2951.406	-0.720305
2951.456	-0.782551
2951.506	-0.804712
2951.556	-0.79442
2951.606	-0.764094
2951.656	-0.75165
2951.706	-0.77738
2951.756	-0.837448
2951.806	-0.87948
2951.856	-0.89733
2951.906	-0.877939
2951.956	-0.825141
2952.006	-0.753587
2952.056	-0.684545
2952.106	-0.597723
2952.156	-0.479005
2952.206	-0.350631
2952.256	-0.252805
2952.306	-0.20033
2952.356	-0.219354
2952.406	-0.293497
2952.456	-0.397739
2952.506	-0.524664
2952.556	-0.643556
2952.606	-0.750214
2952.656	-0.81293
2952.706	-0.820694
2952.756	-0.784627
2952.806	-0.709641
2952.856	-0.625982
2952.906	-0.536787
2952.956	-0.462159
2953.006	-0.401699
2953.056	-0.359452
2953.106	-0.344298
2953.156	-0.353199
2953.206	-0.372542
2953.256	-0.39954
2953.306	-0.445286
2953.356	-0.51495
2953.406	-0.601958
2953.456	-0.704209
2953.506	-0.795115
2953.556	-0.866384
2953.606	-0.908257
2953.656	-0.930366
2953.706	-0.922905
2953.756	-0.912663
2953.806	-0.873478
2953.856	-0.81967
2953.906	-0.777061
2953.956	-0.742647
2954.006	-0.72951
2954.056	-0.724765
2954.106	-0.723735
2954.156	-0.731035
2954.206	-0.746773
2954.256	-0.774617
2954.306	-0.813041
2954.356	-0.857588
2954.406	-0.898288
2954.456	-0.932772
2954.506	-0.948593
2954.556	-0.945934
2954.606	-0.933787
2954.656	-0.915848
2954.706	-0.908597
2954.756	-0.91013
2954.806	-0.913667
2954.856	-0.902184
2954.906	-0.87147
2954.956	-0.819287
2955.006	-0.750598
2955.056	-0.672467
2955.106	-0.602116
2955.156	-0.534401
2955.206	-0.472848
2955.256	-0.419777
2955.306	-0.380911
2955.356	-0.350803
2955.406	-0.350869
2955.456	-0.380183
2955.506	-0.434529
2955.556	-0.484353
2955.606	-0.544637
2955.656	-0.601101
2955.706	-0.64707
2955.756	-0.668894
2955.806	-0.675797
2955.856	-0.679221
2955.906	-0.677432
2955.956	-0.695535
2956.006	-0.726218
2956.056	-0.74097
2956.106	-0.728016
2956.156	-0.676887
2956.206	-0.584659
2956.256	-0.477837
2956.306	-0.360768
2956.356	-0.244532
2956.406	-0.15475
2956.456	-0.084122
2956.507	-0.035998
2956.557	-0.02559
2956.607	-0.081017
2956.657	-0.198283
2956.707	-0.384304
2956.757	-0.601025
2956.807	-0.799517
2956.857	-0.960603
2956.907	-1.064877
2956.957	-1.121428
2957.007	-1.153849
2957.057	-1.167963
2957.107	-1.163751
2957.157	-1.130509
2957.207	-1.067378
2957.257	-0.989759
2957.307	-0.915691
2957.357	-0.852625
2957.407	-0.797025
2957.457	-0.731693
2957.507	-0.66122
2957.557	-0.594594
2957.607	-0.538432
2957.657	-0.505041
2957.707	-0.49219
2957.757	-0.490739
2957.807	-0.482233
2957.857	-0.452813
2957.907	-0.393459
2957.957	-0.307168
2958.007	-0.236796
2958.057	-0.172958
2958.107	-0.138619
2958.157	-0.145599
2958.207	-0.188459
2958.257	-0.258879
2958.307	-0.354729
2958.357	-0.446704
2958.407	-0.532126
2958.457	-0.584035
2958.507	-0.620946
2958.557	-0.660194
2958.607	-0.704328
2958.657	-0.756979
2958.707	-0.821922
2958.757	-0.874415
2958.807	-0.90875
2958.857	-0.925092
2958.907	-0.935892
2958.957	-0.940721
2959.007	-0.929063
2959.057	-0.919192
2959.107	-0.895464
2959.157	-0.883301
2959.207	-0.876905
2959.257	-0.871114
2959.307	-0.856535
2959.357	-0.837557
2959.407	-0.812514
2959.457	-0.770189
2959.507	-0.745361
2959.557	-0.747912
2959.607	-0.794784
2959.657	-0.896168
2959.707	-1.049864
2959.757	-1.23955
2959.807	-1.448099
2959.857	-1.683998
2959.907	-1.950126
2959.957	-2.235331
2960.007	-2.509898
2960.057	-2.763313
2960.107	-2.935738
2960.157	-3.017252
2960.207	-2.999342
2960.257	-2.852733
2960.307	-2.582573
2960.357	-2.196379
2960.407	-1.712533
2960.457	-1.129194
2960.507	-0.469301
2960.557	0.26763
2960.607	1.043729
2960.657	1.831448
2960.707	2.550372
2960.757	3.15774
2960.807	3.601717
2960.857	3.861659
2960.907	3.932472
2960.957	3.813656
2961.007	3.527457
2961.057	3.0992
2961.107	2.571269
2961.157	1.967655
2961.207	1.317442
2961.257	0.632775
2961.307	-0.053953
2961.357	-0.724723
2961.407	-1.339792
2961.457	-1.895092
2961.507	-2.366734
2961.557	-2.75775
2961.607	-3.056865
2961.657	-3.274941
2961.707	-3.429646
2961.757	-3.508088
2961.807	-3.523562
2961.857	-3.486606
2961.907	-3.392406
2961.957	-3.265575
2962.007	-3.109901
2962.057	-2.94547
2962.107	-2.771429
2962.157	-2.594099
2962.207	-2.401958
2962.257	-2.186488
2962.307	-1.947774
2962.357	-1.706845
2962.407	-1.469483
2962.457	-1.255082
2962.507	-1.065777
2962.557	-0.908137
2962.607	-0.780717
2962.657	-0.686513
2962.707	-0.625062
2962.757	-0.595501
2962.807	-0.574122
2962.857	-0.559237
2962.907	-0.535058
2962.957	-0.491926
2963.007	-0.435356
2963.057	-0.399259
2963.107	-0.390764
2963.157	-0.420707
2963.207	-0.474725
2963.257	-0.552563
2963.307	-0.646165
2963.357	-0.716365
2963.407	-0.759764
2963.457	-0.76671
2963.507	-0.731453
2963.557	-0.659502
2963.607	-0.566828
2963.657	-0.467287
2963.707	-0.364713
2963.757	-0.273789
2963.807	-0.223023
2963.857	-0.209593
2963.907	-0.237508
2963.957	-0.298685
2964.007	-0.367627
2964.057	-0.420772
2964.107	-0.470523
2964.157	-0.486816
2964.207	-0.472758
2964.257	-0.444752
2964.307	-0.415473
2964.357	-0.40551
2964.407	-0.420746
2964.457	-0.476247
2964.507	-0.562883
2964.557	-0.687228
2964.607	-0.820655
2964.657	-0.94208
2964.707	-1.022716
2964.757	-1.050403
2964.807	-1.004045
2964.857	-0.899925
2964.907	-0.776414
2964.957	-0.656473
2965.007	-0.552698
2965.057	-0.481593
2965.107	-0.446454
2965.157	-0.418181
2965.207	-0.416189
2965.257	-0.43246
2965.307	-0.458739
2965.357	-0.49492
2965.407	-0.536444
2965.457	-0.583615
2965.507	-0.640469
2965.557	-0.697008
2965.607	-0.769922
2965.657	-0.854772
2965.707	-0.949531
2965.757	-1.030308
2965.807	-1.075152
2965.857	-1.069784
2965.907	-1.021384
2965.957	-0.914454
2966.007	-0.750056
2966.057	-0.532423
2966.107	-0.288769
2966.157	-0.045737
2966.207	0.166255
2966.257	0.304798
2966.307	0.378788
2966.357	0.399949
2966.407	0.368031
2966.457	0.302567
2966.507	0.24877
2966.557	0.236947
2966.607	0.34533
2966.657	0.613297
2966.707	1.069281
2966.757	1.666011
2966.807	2.317689
2966.857	2.898034
2966.907	3.254073
2966.957	3.273549
2967.007	2.880319
2967.057	2.121
2967.107	1.119611
2967.157	0.016639
2967.207	-1.045685
2967.257	-1.977034
2967.307	-2.73158
2967.357	-3.341025
2967.407	-3.799033
2967.457	-4.15591
2967.507	-4.473636
2967.557	-4.796102
2967.607	-5.156196
2967.657	-5.476149
2967.707	-5.617705
2967.757	-5.405506
2967.807	-4.733662
2967.857	-3.62857
2967.907	-2.24522
2967.957	-0.770095
2968.007	0.616675
2968.057	1.770867
2968.107	2.58292
2968.157	2.995822
2968.207	3.015733
2968.257	2.744016
2968.307	2.324237
2968.357	1.942814
2968.407	1.724339
2968.457	1.703631
2968.507	1.808642
2968.557	1.929312
2968.607	1.992892
2968.657	1.953185
2968.707	1.80558
2968.757	1.578177
2968.807	1.302964
2968.857	1.032562
2968.907	0.808263
2968.957	0.64913
2969.007	0.564011
2969.057	0.550564
2969.107	0.5696
2969.157	0.599473
2969.207	0.601852
2969.257	0.562672
2969.307	0.471058
2969.357	0.333346
2969.407	0.152963
2969.457	-0.043851
2969.507	-0.224861
2969.557	-0.388529
2969.607	-0.518646
2969.657	-0.603622
2969.707	-0.647585
2969.757	-0.652804
2969.807	-0.621185
2969.857	-0.565315
2969.907	-0.510916
2969.957	-0.458515
2970.007	-0.422212
2970.057	-0.415554
2970.107	-0.442589
2970.157	-0.454944
2970.207	-0.46687
2970.257	-0.465073
2970.307	-0.458432
2970.357	-0.445299
2970.407	-0.436448
2970.457	-0.453401
2970.507	-0.489639
2970.557	-0.553671
2970.607	-0.635573
2970.657	-0.710054
2970.707	-0.775725
2970.757	-0.824763
2970.807	-0.86717
2970.857	-0.902269
2970.907	-0.93326
2970.957	-0.96809
2971.007	-1.004905
2971.057	-1.028143
2971.107	-1.01971
2971.157	-0.961517
2971.207	-0.851742
2971.257	-0.686332
2971.307	-0.477037
2971.357	-0.229046
2971.407	0.042049
2971.457	0.297511
2971.507	0.532084
2971.557	0.75472
2971.607	0.967456
2971.657	1.164045
2971.707	1.326551
2971.757	1.449047
2971.807	1.527587
2971.857	1.562107
2971.907	1.575826
2971.957	1.539593
2972.007	1.465697
2972.057	1.355513
2972.107	1.185572
2972.157	0.964304
2972.207	0.710059
2972.257	0.453907
2972.307	0.239169
2972.357	0.078508
2972.407	0.000345
2972.457	-0.01844
2972.507	-0.029976
2972.557	-0.046207
2972.607	-0.077858
2972.657	-0.13272
2972.707	-0.20427
2972.757	-0.300393
2972.807	-0.392763
2972.857	-0.500095
2972.908	-0.598349
2972.958	-0.679058
2973.008	-0.719448
2973.058	-0.708277
2973.108	-0.653675
2973.158	-0.562818
2973.208	-0.445928
2973.258	-0.326235
2973.308	-0.231258
2973.358	-0.152704
2973.408	-0.093905
2973.458	-0.052728
2973.508	-0.032115
2973.558	-0.025481
2973.608	-0.025826
2973.658	-0.015979
2973.708	0.001807
2973.758	0.028897
2973.808	0.066726
2973.858	0.116173
2973.908	0.170674
2973.958	0.215075
2974.008	0.252809
2974.058	0.300145
2974.108	0.324529
2974.158	0.345601
2974.208	0.359854
2974.258	0.376624
2974.308	0.388239
2974.358	0.395897
2974.408	0.401931
2974.458	0.417734
2974.508	0.437888
2974.558	0.46619
2974.608	0.513843
2974.658	0.561339
2974.708	0.605096
2974.758	0.645165
2974.808	0.669638
2974.858	0.661803
2974.908	0.612915
2974.958	0.532113
2975.008	0.438305
2975.058	0.330317
2975.108	0.217388
2975.158	0.107105
2975.208	-0.000437
2975.258	-0.100575
2975.308	-0.189595
2975.358	-0.253118
2975.408	-0.284549
2975.458	-0.290212
2975.508	-0.268143
2975.558	-0.228914
2975.608	-0.169436
2975.658	-0.109383
2975.708	-0.061886
2975.758	-0.030324
2975.808	-0.011262
2975.858	0.011575
2975.908	0.041121
2975.958	0.090906
2976.008	0.169965
2976.058	0.259825
2976.108	0.355221
2976.158	0.425292
2976.208	0.445132
2976.258	0.413141
2976.308	0.332446
2976.358	0.240446
2976.408	0.155
2976.458	0.093704
2976.508	0.066518
2976.558	0.051655
2976.608	0.054801
2976.658	0.065011
2976.708	0.073955
2976.758	0.07625
2976.808	0.063392
2976.858	0.038559
2976.908	0.021189
2976.958	0.016884
2977.008	0.035792
2977.058	0.066957
2977.108	0.105692
2977.158	0.150458
2977.208	0.20256
2977.258	0.249932
2977.308	0.302067
2977.358	0.353781
2977.408	0.388512
2977.458	0.396396
2977.508	0.36747
2977.558	0.312947
2977.608	0.253843
2977.658	0.205523
2977.708	0.178261
2977.758	0.170485
2977.808	0.191068
2977.858	0.23147
2977.908	0.265327
2977.958	0.286401
2978.008	0.287736
2978.058	0.268347
2978.108	0.228692
2978.158	0.17591
2978.208	0.124972
2978.258	0.075648
2978.308	0.04648
2978.358	0.033743
2978.408	0.031628
2978.458	0.056525
2978.508	0.088415
2978.558	0.119622
2978.608	0.150002
2978.658	0.174772
2978.708	0.178369
2978.758	0.179753
2978.808	0.162751
2978.858	0.128222
2978.908	0.070401
2978.958	-0.002717
2979.008	-0.075691
2979.058	-0.127304
2979.108	-0.1399
2979.158	-0.113665
2979.208	-0.045813
2979.258	0.042681
2979.308	0.115588
2979.358	0.156522
2979.408	0.163834
2979.458	0.153687
2979.508	0.128036
2979.558	0.100801
2979.608	0.084638
2979.658	0.080785
2979.708	0.087905
2979.758	0.100553
2979.808	0.108183
2979.858	0.097296
2979.908	0.083271
2979.958	0.059802
2980.008	0.015459
2980.058	-0.039633
2980.108	-0.107671
2980.158	-0.19228
2980.208	-0.269388
2980.258	-0.326762
2980.308	-0.347792
2980.358	-0.344221
2980.408	-0.317866
2980.458	-0.265806
2980.508	-0.19384
2980.558	-0.129716
2980.608	-0.089495
2980.658	-0.081327
2980.708	-0.1054
2980.758	-0.156308
2980.808	-0.207259
2980.858	-0.255579
2980.908	-0.287833
2980.958	-0.293907
2981.008	-0.284211
2981.058	-0.243552
2981.108	-0.196057
2981.158	-0.157542
2981.208	-0.137737
2981.258	-0.140153
2981.308	-0.172775
2981.358	-0.19377
2981.408	-0.206458
2981.458	-0.203242
2981.508	-0.184387
2981.558	-0.162751
2981.608	-0.144042
2981.658	-0.141309
2981.708	-0.159702
2981.758	-0.179987
2981.808	-0.19345
2981.858	-0.215571
2981.908	-0.238659
2981.958	-0.269289
2982.008	-0.313477
2982.058	-0.353565
2982.108	-0.391881
2982.158	-0.431481
2982.208	-0.470299
2982.258	-0.519877
2982.308	-0.565622
2982.358	-0.590004
2982.408	-0.594328
2982.458	-0.584134
2982.508	-0.571871
2982.558	-0.576006
2982.608	-0.589246
2982.658	-0.601427
2982.708	-0.607599
2982.758	-0.584317
2982.808	-0.551087
2982.858	-0.511046
2982.908	-0.465104
2982.958	-0.433083
2983.008	-0.422044
2983.058	-0.428692
2983.108	-0.449304
2983.158	-0.482035
2983.208	-0.51056
2983.258	-0.534841
2983.308	-0.533961
2983.358	-0.511455
2983.408	-0.498038
2983.458	-0.483997
2983.508	-0.496177
2983.558	-0.532046
2983.608	-0.574789
2983.658	-0.622555
2983.708	-0.665204
2983.758	-0.696183
2983.808	-0.707835
2983.858	-0.714861
2983.908	-0.711417
2983.958	-0.699539
2984.008	-0.679113
2984.058	-0.644403
2984.108	-0.60014
2984.158	-0.558836
2984.208	-0.532043
2984.258	-0.519884
2984.308	-0.535119
2984.358	-0.559165
2984.408	-0.590388
2984.458	-0.615701
2984.508	-0.616965
2984.558	-0.581096
2984.608	-0.524384
2984.658	-0.446008
2984.708	-0.370564
2984.758	-0.302339
2984.808	-0.258035
2984.858	-0.232329
2984.908	-0.215769
2984.958	-0.204487
2985.008	-0.19097
2985.058	-0.193474
2985.108	-0.203141
2985.158	-0.211966
2985.208	-0.226369
2985.258	-0.239782
2985.308	-0.243934
2985.358	-0.269901
2985.408	-0.307675
2985.458	-0.361025
2985.508	-0.414456
2985.558	-0.459802
2985.608	-0.479134
2985.658	-0.473678
2985.708	-0.451471
2985.758	-0.400909
2985.808	-0.356958
2985.858	-0.334484
2985.908	-0.343561
2985.958	-0.387854
2986.008	-0.461445
2986.058	-0.543851
2986.108	-0.634912
2986.158	-0.70924
2986.208	-0.751286
2986.258	-0.766017
2986.308	-0.748392
2986.358	-0.710332
2986.408	-0.675723
2986.458	-0.657623
2986.508	-0.666609
2986.558	-0.711427
2986.608	-0.793078
2986.658	-0.89754
2986.708	-1.004571
2986.758	-1.081838
2986.808	-1.129599
2986.858	-1.128352
2986.908	-1.082133
2986.958	-1.010757
2987.008	-0.932779
2987.058	-0.880963
2987.108	-0.861683
2987.158	-0.884065
2987.208	-0.93769
2987.258	-1.025166
2987.308	-1.113446
2987.358	-1.175303
2987.408	-1.166369
2987.458	-1.079559
2987.508	-0.914591
2987.558	-0.694512
2987.608	-0.460901
2987.658	-0.233642
2987.708	-0.033921
2987.758	0.12988
2987.808	0.252581
2987.858	0.334813
2987.908	0.38415
2987.958	0.416621
2988.008	0.434383
2988.058	0.446181
2988.108	0.453792
2988.158	0.479679
2988.208	0.514212
2988.258	0.548824
2988.308	0.565166
2988.358	0.533653
2988.408	0.435753
2988.458	0.258741
2988.508	-0.001542
2988.558	-0.334903
2988.608	-0.720607
2988.658	-1.105036
2988.708	-1.446278
2988.758	-1.704889
2988.808	-1.847448
2988.858	-1.86801
2988.908	-1.748014
2988.958	-1.51565
2989.008	-1.2081
2989.058	-0.86505
2989.108	-0.525763
2989.158	-0.239578
2989.208	-0.030337
2989.258	0.091109
2989.309	0.130305
2989.359	0.084493
2989.409	-0.020964
2989.459	-0.174169
2989.509	-0.344455
2989.559	-0.511676
2989.609	-0.64982
2989.659	-0.726726
2989.709	-0.72928
2989.759	-0.682421
2989.809	-0.603528
2989.859	-0.525434
2989.909	-0.45617
2989.959	-0.42902
2990.009	-0.459164
2990.059	-0.534905
2990.109	-0.649073
2990.159	-0.77195
2990.209	-0.893873
2990.259	-0.978958
2990.309	-1.00729
2990.359	-0.959945
2990.409	-0.840675
2990.459	-0.658347
2990.509	-0.422512
2990.559	-0.148525
2990.609	0.120476
2990.659	0.343561
2990.709	0.503405
2990.759	0.57807
2990.809	0.562864
2990.859	0.459337
2990.909	0.291284
2990.959	0.089779
2991.009	-0.114906
2991.059	-0.294503
2991.109	-0.426988
2991.159	-0.499065
2991.209	-0.522052
2991.259	-0.483751
2991.309	-0.403678
2991.359	-0.284933
2991.409	-0.160051
2991.459	-0.037334
2991.509	0.070102
2991.559	0.162009
2991.609	0.232439
2991.659	0.252947
2991.709	0.225421
2991.759	0.146131
2991.809	0.025733
2991.859	-0.121285
2991.909	-0.271933
2991.959	-0.407409
2992.009	-0.493488
2992.059	-0.511275
2992.109	-0.465688
2992.159	-0.349087
2992.209	-0.18277
2992.259	0.005305
2992.309	0.187802
2992.359	0.328318
2992.409	0.404673
2992.459	0.42142
2992.509	0.372005
2992.559	0.272298
2992.609	0.145387
2992.659	0.013163
2992.709	-0.121521
2992.759	-0.236941
2992.809	-0.315236
2992.859	-0.356112
2992.909	-0.352323
2992.959	-0.339792
2993.009	-0.343129
2993.059	-0.379824
2993.109	-0.464943
2993.159	-0.559656
2993.209	-0.662066
2993.259	-0.740423
2993.309	-0.790975
2993.359	-0.809544
2993.409	-0.792574
2993.459	-0.740559
2993.509	-0.668283
2993.559	-0.596927
2993.609	-0.549415
2993.659	-0.542824
2993.709	-0.582782
2993.759	-0.658038
2993.809	-0.740147
2993.859	-0.785121
2993.909	-0.779693
2993.959	-0.701817
2994.009	-0.561739
2994.059	-0.375324
2994.109	-0.167758
2994.159	0.042828
2994.209	0.245354
2994.259	0.418457
2994.309	0.560434
2994.359	0.654085
2994.409	0.704967
2994.459	0.7129
2994.509	0.695096
2994.559	0.649792
2994.609	0.592439
2994.659	0.526739
2994.709	0.450757
2994.759	0.365663
2994.809	0.259611
2994.859	0.135033
2994.909	-0.00778
2994.959	-0.147491
2995.009	-0.292543
2995.059	-0.441148
2995.109	-0.57118
2995.159	-0.678694
2995.209	-0.76724
2995.259	-0.834294
2995.309	-0.873141
2995.359	-0.880745
2995.409	-0.873137
2995.459	-0.842371
2995.509	-0.803638
2995.559	-0.759647
2995.609	-0.722245
2995.659	-0.703155
2995.709	-0.684825
2995.759	-0.659222
2995.809	-0.635162
2995.859	-0.595895
2995.909	-0.542183
2995.959	-0.493846
2996.009	-0.448587
2996.059	-0.410122
2996.109	-0.389029
2996.159	-0.379025
2996.209	-0.365774
2996.259	-0.346973
2996.309	-0.321238
2996.359	-0.30101
2996.409	-0.280686
2996.459	-0.261376
2996.509	-0.247598
2996.559	-0.230185
2996.609	-0.211674
2996.659	-0.187503
2996.709	-0.159703
2996.759	-0.132228
2996.809	-0.112795
2996.859	-0.11093
2996.909	-0.125942
2996.959	-0.15908
2997.009	-0.204359
2997.059	-0.27655
2997.109	-0.366508
2997.159	-0.473712
2997.209	-0.574233
2997.259	-0.655078
2997.309	-0.71425
2997.359	-0.766756
2997.409	-0.789879
2997.459	-0.782444
2997.509	-0.747512
2997.559	-0.702817
2997.609	-0.648664
2997.659	-0.582188
2997.709	-0.51613
2997.759	-0.477871
2997.809	-0.458066
2997.859	-0.449767
2997.909	-0.461741
2997.959	-0.485684
2998.009	-0.506023
2998.059	-0.528895
2998.109	-0.564042
2998.159	-0.599393
2998.209	-0.621039
2998.259	-0.632906
2998.309	-0.646047
2998.359	-0.650779
2998.409	-0.64807
2998.459	-0.643309
2998.509	-0.637133
2998.559	-0.627826
2998.609	-0.616125
2998.659	-0.606387
2998.709	-0.599767
2998.759	-0.601685
2998.809	-0.607972
2998.859	-0.609648
2998.909	-0.615713
2998.959	-0.610366
2999.009	-0.614399
2999.059	-0.6118
2999.109	-0.63047
2999.159	-0.654413
2999.209	-0.681352
2999.259	-0.6982
2999.309	-0.712569
2999.359	-0.717139
2999.409	-0.723588
2999.459	-0.710677
2999.509	-0.674107
2999.559	-0.615516
2999.609	-0.542062
2999.659	-0.481702
2999.709	-0.446594
2999.759	-0.462362
2999.809	-0.493942
2999.859	-0.537343
2999.909	-0.586314
2999.959	-0.64198
3000.009	-0.684578
3000.059	-0.708238
3000.109	-0.701724
3000.159	-0.659793
3000.209	-0.594092
3000.259	-0.508129
3000.309	-0.425671
3000.359	-0.360867
3000.409	-0.325911
3000.459	-0.316268
3000.509	-0.347249
3000.559	-0.40804
3000.609	-0.48589
3000.659	-0.567117
3000.709	-0.647379
3000.759	-0.702909
3000.809	-0.733151
3000.859	-0.745499
3000.909	-0.726623
3000.959	-0.703208
3001.009	-0.677275
3001.059	-0.639542
3001.109	-0.592592
3001.159	-0.544802
3001.209	-0.48107
3001.259	-0.41463
3001.309	-0.351201
3001.359	-0.297658
3001.409	-0.257639
3001.459	-0.236229
3001.509	-0.222867
3001.559	-0.206665
3001.609	-0.194756
3001.659	-0.185471
3001.709	-0.189454
3001.759	-0.196468
3001.809	-0.211448
3001.859	-0.212321
3001.909	-0.206753
3001.959	-0.197898
3002.009	-0.191503
3002.059	-0.180644
3002.109	-0.177055
3002.159	-0.169432
3002.209	-0.175108
3002.259	-0.200863
3002.309	-0.216196
3002.359	-0.247458
3002.409	-0.281286
3002.459	-0.305804
3002.509	-0.329519
3002.559	-0.349397
3002.609	-0.355053
3002.659	-0.354765
3002.709	-0.359302
3002.759	-0.369573
3002.809	-0.378269
3002.859	-0.378881
3002.909	-0.384124
3002.959	-0.384468
3003.009	-0.377485
3003.059	-0.353517
3003.109	-0.325581
3003.159	-0.296172
3003.209	-0.273913
3003.259	-0.253626
3003.309	-0.228986
3003.359	-0.216186
3003.409	-0.20629
3003.459	-0.200061
3003.509	-0.200472
3003.559	-0.195711
3003.609	-0.18514
3003.659	-0.169835
3003.709	-0.149397
3003.759	-0.123397
3003.809	-0.091764
3003.859	-0.064284
3003.909	-0.035434
3003.959	-0.009875
3004.009	0.009152
3004.059	0.030979
3004.109	0.057628
3004.159	0.077539
3004.209	0.096984
3004.259	0.109838
3004.309	0.132357
3004.359	0.161042
3004.409	0.195658
3004.459	0.227313
3004.509	0.258134
3004.559	0.266838
3004.609	0.265916
3004.659	0.257986
3004.709	0.237493
3004.759	0.229865
3004.809	0.225388
3004.859	0.222437
3004.909	0.220668
3004.959	0.2244
3005.009	0.244499
3005.059	0.244267
3005.109	0.231796
3005.159	0.212001
3005.209	0.188522
3005.259	0.171256
3005.309	0.154244
3005.359	0.142757
3005.409	0.142456
3005.459	0.16008
3005.509	0.184051
3005.559	0.210272
3005.609	0.22824
3005.66	0.244156
3005.71	0.244281
3005.76	0.235407
3005.81	0.223723
3005.86	0.199242
3005.91	0.164341
3005.96	0.136366
3006.01	0.114689
3006.06	0.116356
3006.11	0.137507
3006.16	0.160319
3006.21	0.187361
3006.26	0.201939
3006.31	0.208126
3006.36	0.20993
3006.41	0.201419
3006.46	0.184746
3006.51	0.172024
3006.56	0.163446
3006.61	0.147284
3006.66	0.137836
3006.71	0.137818
3006.76	0.133478
3006.81	0.113211
3006.86	0.07142
3006.91	0.016768
3006.96	-0.044121
3007.01	-0.125862
3007.06	-0.213528
3007.11	-0.307426
3007.16	-0.388467
3007.21	-0.442475
3007.26	-0.46301
3007.31	-0.43733
3007.36	-0.358789
3007.41	-0.237209
3007.46	-0.09953
3007.51	0.070517
3007.56	0.253388
3007.61	0.441263
3007.66	0.637523
3007.71	0.811667
3007.76	0.975191
3007.81	1.129389
3007.86	1.271437
3007.91	1.39123
3007.96	1.450474
3008.01	1.451185
3008.06	1.379568
3008.11	1.239987
3008.16	1.072323
3008.21	0.886537
3008.26	0.697564
3008.31	0.521399
3008.36	0.393081
3008.41	0.31088
3008.46	0.281254
3008.51	0.285963
3008.56	0.314122
3008.61	0.356255
3008.66	0.401809
3008.71	0.445091
3008.76	0.490472
3008.81	0.525197
3008.86	0.55024
3008.91	0.552882
3008.96	0.528721
3009.01	0.504402
3009.06	0.481527
3009.11	0.477651
3009.16	0.473426
3009.21	0.47446
3009.26	0.484796
3009.31	0.487758
3009.36	0.499699
3009.41	0.503967
3009.46	0.515683
3009.51	0.518819
3009.56	0.527752
3009.61	0.533783
3009.66	0.543595
3009.71	0.553001
3009.76	0.557191
3009.81	0.54792
3009.86	0.530102
3009.91	0.508199
3009.96	0.490058
3010.01	0.481741
3010.06	0.473028
3010.11	0.486658
3010.16	0.509243
3010.21	0.547191
3010.26	0.586578
3010.31	0.615848
3010.36	0.632665
3010.41	0.637836
3010.46	0.623814
3010.51	0.583093
3010.56	0.517638
3010.61	0.432063
3010.66	0.337494
3010.71	0.242628
3010.76	0.150094
3010.81	0.081047
3010.86	0.034298
3010.91	0.021588
3010.96	0.026155
3011.01	0.056059
3011.06	0.097253
3011.11	0.13025
3011.16	0.153688
3011.21	0.186702
3011.26	0.216406
3011.31	0.267346
3011.36	0.317543
3011.41	0.377736
3011.46	0.457182
3011.51	0.53905
3011.56	0.62032
3011.61	0.702547
3011.66	0.776051
3011.71	0.842562
3011.76	0.892431
3011.81	0.921709
3011.86	0.931697
3011.91	0.925638
3011.96	0.907278
3012.01	0.886255
3012.06	0.859889
3012.11	0.840721
3012.16	0.824771
3012.21	0.817648
3012.26	0.831726
3012.31	0.849104
3012.36	0.882767
3012.41	0.940767
3012.46	0.995
3012.51	1.047573
3012.56	1.095534
3012.61	1.128928
3012.66	1.140342
3012.71	1.130176
3012.76	1.102253
3012.81	1.062208
3012.86	1.018286
3012.91	0.976087
3012.96	0.938506
3013.01	0.921217
3013.06	0.909882
3013.11	0.906489
3013.16	0.907749
3013.21	0.905153
3013.26	0.909668
3013.31	0.911087
3013.36	0.90163
3013.41	0.886112
3013.46	0.860946
3013.51	0.820279
3013.56	0.776536
3013.61	0.7317
3013.66	0.686797
3013.71	0.659503
3013.76	0.645857
3013.81	0.642155
3013.86	0.647492
3013.91	0.644024
3013.96	0.632896
3014.01	0.632292
3014.06	0.639895
3014.11	0.662325
3014.16	0.711819
3014.21	0.775099
3014.26	0.831446
3014.31	0.892272
3014.36	0.935858
3014.41	0.968264
3014.46	0.97459
3014.51	0.956806
3014.56	0.931049
3014.61	0.904726
3014.66	0.876806
3014.71	0.851506
3014.76	0.838222
3014.81	0.838768
3014.86	0.846912
3014.91	0.864476
3014.96	0.885146
3015.01	0.902987
3015.06	0.915296
3015.11	0.917079
3015.16	0.917527
3015.21	0.909934
3015.26	0.894385
3015.31	0.869269
3015.36	0.835972
3015.41	0.807888
3015.46	0.789309
3015.51	0.782936
3015.56	0.78546
3015.61	0.804882
3015.66	0.839771
3015.71	0.883245
3015.76	0.928202
3015.81	0.967548
3015.86	1.003885
3015.91	1.022618
3015.96	1.015552
3016.01	0.990174
3016.06	0.950163
3016.11	0.904312
3016.16	0.850175
3016.21	0.79652
3016.26	0.747608
3016.31	0.700536
3016.36	0.646382
3016.41	0.600515
3016.46	0.580806
3016.51	0.580933
3016.56	0.590849
3016.61	0.6137
3016.66	0.644616
3016.71	0.675914
3016.76	0.703393
3016.81	0.723185
3016.86	0.746831
3016.91	0.761635
3016.96	0.775868
3017.01	0.784234
3017.06	0.806496
3017.11	0.83193
3017.16	0.872555
3017.21	0.911263
3017.26	0.958239
3017.31	1.019644
3017.36	1.071478
3017.41	1.128714
3017.46	1.191396
3017.51	1.246831
3017.56	1.288837
3017.61	1.309869
3017.66	1.30564
3017.71	1.299319
3017.76	1.29388
3017.81	1.293103
3017.86	1.286644
3017.91	1.282578
3017.96	1.264817
3018.01	1.224836
3018.06	1.149622
3018.11	1.050626
3018.16	0.918715
3018.21	0.75956
3018.26	0.563925
3018.31	0.357478
3018.36	0.149179
3018.41	-0.059634
3018.46	-0.261563
3018.51	-0.424655
3018.56	-0.557867
3018.61	-0.661877
3018.66	-0.713857
3018.71	-0.710249
3018.76	-0.644933
3018.81	-0.519635
3018.86	-0.341662
3018.91	-0.136887
3018.96	0.088923
3019.01	0.307558
3019.06	0.507613
3019.11	0.678043
3019.16	0.828278
3019.21	0.966991
3019.26	1.082183
3019.31	1.175098
3019.36	1.257925
3019.41	1.313076
3019.46	1.351555
3019.51	1.386642
3019.56	1.397701
3019.61	1.395471
3019.66	1.384838
3019.71	1.366053
3019.76	1.328297
3019.81	1.282745
3019.86	1.227401
3019.91	1.160178
3019.96	1.094374
3020.01	1.026333
3020.06	0.966693
3020.11	0.919593
3020.16	0.870353
3020.21	0.828363
3020.26	0.800981
3020.31	0.771201
3020.36	0.738689
3020.41	0.70424
3020.46	0.670588
3020.51	0.634094
3020.56	0.604799
3020.61	0.584495
3020.66	0.572962
3020.71	0.558613
3020.76	0.54262
3020.81	0.523994
3020.86	0.504898
3020.91	0.480074
3020.96	0.454632
3021.01	0.434816
3021.06	0.424256
3021.11	0.419214
3021.16	0.410905
3021.21	0.39903
3021.26	0.38915
3021.31	0.362936
3021.36	0.336464
3021.41	0.310074
3021.46	0.26871
3021.51	0.236813
3021.56	0.212585
3021.61	0.186658
3021.66	0.154539
3021.71	0.109943
3021.76	0.060382
3021.81	0.005195
3021.86	-0.058245
3021.91	-0.11377
3021.96	-0.166893
3022.01	-0.218964
3022.061	-0.26596
3022.111	-0.294759
3022.161	-0.298317
3022.211	-0.275554
3022.261	-0.234342
3022.311	-0.17575
3022.361	-0.101229
3022.411	-0.009912
3022.461	0.089931
3022.511	0.188838
3022.561	0.269538
3022.611	0.334824
3022.661	0.38754
3022.711	0.408022
3022.761	0.410235
3022.811	0.407953
3022.861	0.394306
3022.911	0.385423
3022.961	0.37369
3023.011	0.365069
3023.061	0.355411
3023.111	0.360647
3023.161	0.35824
3023.211	0.359167
3023.261	0.362574
3023.311	0.352864
3023.361	0.34241
3023.411	0.328932
3023.461	0.3098
3023.511	0.292301
3023.561	0.27763
3023.611	0.26322
3023.661	0.248063
3023.711	0.239168
3023.761	0.243134
3023.811	0.25079
3023.861	0.267561
3023.911	0.28684
3023.961	0.305104
3024.011	0.310479
3024.061	0.312139
3024.111	0.30869
3024.161	0.307809
3024.211	0.305689
3024.261	0.300579
3024.311	0.288933
3024.361	0.271322
3024.411	0.243651
3024.461	0.205193
3024.511	0.153066
3024.561	0.102258
3024.611	0.064029
3024.661	0.01458
3024.711	-0.023959
3024.761	-0.062488
3024.811	-0.103169
3024.861	-0.136645
3024.911	-0.160205
3024.961	-0.177374
3025.011	-0.187048
3025.061	-0.186777
3025.111	-0.168173
3025.161	-0.138365
3025.211	-0.097575
3025.261	-0.060002
3025.311	-0.020664
3025.361	0.022149
3025.411	0.066589
3025.461	0.109296
3025.511	0.153793
3025.561	0.187539
3025.611	0.211098
3025.661	0.219162
3025.711	0.213543
3025.761	0.198673
3025.811	0.184641
3025.861	0.165452
3025.911	0.147404
3025.961	0.12833
3026.011	0.115497
3026.061	0.088946
3026.111	0.062683
3026.161	0.024984
3026.211	-0.027873
3026.261	-0.078571
3026.311	-0.123393
3026.361	-0.163609
3026.411	-0.195116
3026.461	-0.214969
3026.511	-0.228159
3026.561	-0.239336
3026.611	-0.238782
3026.661	-0.229845
3026.711	-0.217714
3026.761	-0.200476
3026.811	-0.171065
3026.861	-0.140408
3026.911	-0.106766
3026.961	-0.071697
3027.011	-0.048158
3027.061	-0.029621
3027.111	-0.023881
3027.161	-0.035439
3027.211	-0.050199
3027.261	-0.090321
3027.311	-0.1351
3027.361	-0.181128
3027.411	-0.220604
3027.461	-0.245401
3027.511	-0.254489
3027.561	-0.233937
3027.611	-0.192321
3027.661	-0.139011
3027.711	-0.073324
3027.761	-0.010191
3027.811	0.046164
3027.861	0.095153
3027.911	0.136729
3027.961	0.162176
3028.011	0.183663
3028.061	0.208025
3028.111	0.235034
3028.161	0.260571
3028.211	0.287914
3028.261	0.322855
3028.311	0.358297
3028.361	0.390409
3028.411	0.415565
3028.461	0.424725
3028.511	0.425589
3028.561	0.416382
3028.611	0.394867
3028.661	0.365545
3028.711	0.331385
3028.761	0.294637
3028.811	0.25878
3028.861	0.217628
3028.911	0.1815
3028.961	0.139355
3029.011	0.111301
3029.061	0.085824
3029.111	0.070832
3029.161	0.064277
3029.211	0.066865
3029.261	0.074048
3029.311	0.081267
3029.361	0.093522
3029.411	0.106378
3029.461	0.127914
3029.511	0.150757
3029.561	0.177217
3029.611	0.200982
3029.661	0.23692
3029.711	0.266569
3029.761	0.301393
3029.811	0.329728
3029.861	0.355758
3029.911	0.383242
3029.961	0.402239
3030.011	0.418157
3030.061	0.427558
3030.111	0.425387
3030.161	0.420118
3030.211	0.407453
3030.261	0.394169
3030.311	0.382331
3030.361	0.385353
3030.411	0.393308
3030.461	0.397221
3030.511	0.402868
3030.561	0.411656
3030.611	0.411687
3030.661	0.40077
3030.711	0.393364
3030.761	0.387601
3030.811	0.371642
3030.861	0.351386
3030.911	0.327281
3030.961	0.287463
3031.011	0.257057
3031.061	0.234992
3031.111	0.203112
3031.161	0.165552
3031.211	0.127794
3031.261	0.091623
3031.311	0.05041
3031.361	0.009772
3031.411	-0.045985
3031.461	-0.105568
3031.511	-0.164668
3031.561	-0.230202
3031.611	-0.300684
3031.661	-0.359395
3031.711	-0.397919
3031.761	-0.420839
3031.811	-0.419156
3031.861	-0.395768
3031.911	-0.364001
3031.961	-0.319407
3032.011	-0.277321
3032.061	-0.245092
3032.111	-0.219665
3032.161	-0.211479
3032.211	-0.209574
3032.261	-0.211696
3032.311	-0.234841
3032.361	-0.266782
3032.411	-0.301281
3032.461	-0.332575
3032.511	-0.363978
3032.561	-0.395485
3032.611	-0.418782
3032.661	-0.44677
3032.711	-0.452554
3032.761	-0.436042
3032.811	-0.420145
3032.861	-0.379942
3032.911	-0.331837
3032.961	-0.269591
3033.011	-0.214889
3033.061	-0.164794
3033.111	-0.114101
3033.161	-0.069739
3033.211	-0.032314
3033.261	-0.00345
3033.311	0.028406
3033.361	0.065223
3033.411	0.110575
3033.461	0.148423
3033.511	0.185597
3033.561	0.22573
3033.611	0.257812
3033.661	0.274626
3033.711	0.278357
3033.761	0.284079
3033.811	0.276106
3033.861	0.271035
3033.911	0.268343
3033.961	0.2674
3034.011	0.261524
3034.061	0.256046
3034.111	0.249764
3034.161	0.234193
3034.211	0.199499
3034.261	0.146415
3034.311	0.091661
3034.361	0.026651
3034.411	-0.039961
3034.461	-0.102283
3034.511	-0.158359
3034.561	-0.197812
3034.611	-0.239109
3034.661	-0.262502
3034.711	-0.27644
3034.761	-0.293066
3034.811	-0.291624
3034.861	-0.283412
3034.911	-0.264552
3034.961	-0.229317
3035.011	-0.175389
3035.061	-0.105673
3035.111	-0.03155
3035.161	0.039966
3035.211	0.089963
3035.261	0.083236
3035.311	0.011666
3035.361	-0.124766
3035.411	-0.340668
3035.461	-0.59992
3035.511	-0.862
3035.561	-1.113191
3035.611	-1.335356
3035.661	-1.517212
3035.711	-1.663188
3035.761	-1.772631
3035.811	-1.846355
3035.861	-1.876901
3035.911	-1.861897
3035.961	-1.788596
3036.011	-1.662979
3036.061	-1.478893
3036.111	-1.259945
3036.161	-1.005182
3036.211	-0.727236
3036.261	-0.434066
3036.311	-0.14291
3036.361	0.151181
3036.411	0.427631
3036.461	0.668954
3036.511	0.836729
3036.561	0.923213
3036.611	0.927312
3036.661	0.839695
3036.711	0.674443
3036.761	0.436366
3036.811	0.138091
3036.861	-0.197514
3036.911	-0.526253
3036.961	-0.824815
3037.011	-1.073112
3037.061	-1.255552
3037.111	-1.36632
3037.161	-1.420885
3037.211	-1.414582
3037.261	-1.373676
3037.311	-1.298308
3037.361	-1.20646
3037.411	-1.102925
3037.461	-0.991511
3037.511	-0.872229
3037.561	-0.750104
3037.611	-0.631441
3037.661	-0.510481
3037.711	-0.391158
3037.761	-0.289658
3037.811	-0.196337
3037.861	-0.107183
3037.911	-0.033796
3037.961	0.027531
3038.011	0.082857
3038.061	0.122331
3038.111	0.147071
3038.161	0.163248
3038.211	0.17517
3038.261	0.186127
3038.311	0.191997
3038.361	0.188324
3038.411	0.184368
3038.462	0.164654
3038.512	0.137059
3038.562	0.117666
3038.612	0.095288
3038.662	0.082064
3038.712	0.078838
3038.762	0.078102
3038.812	0.077319
3038.862	0.069586
3038.912	0.055409
3038.962	0.034635
3039.012	0.002323
3039.062	-0.040973
3039.112	-0.084678
3039.162	-0.136405
3039.212	-0.18613
3039.262	-0.229599
3039.312	-0.259542
3039.362	-0.288029
3039.412	-0.310977
3039.462	-0.34011
3039.512	-0.369634
3039.562	-0.400523
3039.612	-0.437725
3039.662	-0.473654
3039.712	-0.507282
3039.762	-0.534821
3039.812	-0.5595
3039.862	-0.589523
3039.912	-0.626403
3039.962	-0.665636
3040.012	-0.709607
3040.062	-0.752881
3040.112	-0.807933
3040.162	-0.860032
3040.212	-0.906596
3040.262	-0.948562
3040.312	-0.984543
3040.362	-1.010217
3040.412	-1.015712
3040.462	-1.000651
3040.512	-0.97062
3040.562	-0.922078
3040.612	-0.857648
3040.662	-0.803021
3040.712	-0.73928
3040.762	-0.685089
3040.812	-0.654564
3040.862	-0.632047
3040.912	-0.623011
3040.962	-0.627992
3041.012	-0.658552
3041.062	-0.699205
3041.112	-0.736121
3041.162	-0.771376
3041.212	-0.795926
3041.262	-0.812165
3041.312	-0.817968
3041.362	-0.803311
3041.412	-0.783284
3041.462	-0.761892
3041.512	-0.732001
3041.562	-0.706394
3041.612	-0.688649
3041.662	-0.68252
3041.712	-0.681776
3041.762	-0.695643
3041.812	-0.723726
3041.862	-0.752043
3041.912	-0.789855
3041.962	-0.819867
3042.012	-0.837368
3042.062	-0.835995
3042.112	-0.816942
3042.162	-0.775823
3042.212	-0.717519
3042.262	-0.638751
3042.312	-0.559867
3042.362	-0.476963
3042.412	-0.406983
3042.462	-0.348776
3042.512	-0.289424
3042.562	-0.233571
3042.612	-0.197554
3042.662	-0.174018
3042.712	-0.17056
3042.762	-0.176264
3042.812	-0.205901
3042.862	-0.241077
3042.912	-0.274256
3042.962	-0.308081
3043.012	-0.335318
3043.062	-0.341422
3043.112	-0.332125
3043.162	-0.315821
3043.212	-0.300271
3043.262	-0.286182
3043.312	-0.284741
3043.362	-0.295652
3043.412	-0.325085
3043.462	-0.36853
3043.512	-0.417626
3043.562	-0.480046
3043.612	-0.537832
3043.662	-0.578434
3043.712	-0.610568
3043.762	-0.626784
3043.812	-0.621654
3043.862	-0.595961
3043.912	-0.565998
3043.962	-0.543824
3044.012	-0.527705
3044.062	-0.519996
3044.112	-0.523375
3044.162	-0.547775
3044.212	-0.586354
3044.262	-0.636472
3044.312	-0.690146
3044.362	-0.730646
3044.412	-0.770339
3044.462	-0.789129
3044.512	-0.7962
3044.562	-0.788803
3044.612	-0.761305
3044.662	-0.731128
3044.712	-0.695013
3044.762	-0.646486
3044.812	-0.607425
3044.862	-0.559402
3044.912	-0.495048
3044.962	-0.436825
3045.012	-0.378627
3045.062	-0.314651
3045.112	-0.25802
3045.162	-0.206904
3045.212	-0.163975
3045.262	-0.12974
3045.312	-0.107401
3045.362	-0.096859
3045.412	-0.095402
3045.462	-0.100297
3045.512	-0.1092
3045.562	-0.123063
3045.612	-0.134667
3045.662	-0.149998
3045.712	-0.15592
3045.762	-0.152378
3045.812	-0.152013
3045.862	-0.146806
3045.912	-0.152536
3045.962	-0.160253
3046.012	-0.168392
3046.062	-0.192133
3046.112	-0.2246
3046.162	-0.261387
3046.212	-0.310261
3046.262	-0.355649
3046.312	-0.405206
3046.362	-0.456668
3046.412	-0.512985
3046.462	-0.565452
3046.512	-0.617006
3046.562	-0.658917
3046.612	-0.684103
3046.662	-0.702219
3046.712	-0.698841
3046.762	-0.680523
3046.812	-0.66022
3046.862	-0.647608
3046.912	-0.633049
3046.962	-0.624495
3047.012	-0.627298
3047.062	-0.631073
3047.112	-0.627074
3047.162	-0.633089
3047.212	-0.630959
3047.262	-0.620807
3047.312	-0.604623
3047.362	-0.57434
3047.412	-0.535856
3047.462	-0.487163
3047.512	-0.430449
3047.562	-0.371121
3047.612	-0.316017
3047.662	-0.27717
3047.712	-0.258007
3047.762	-0.239135
3047.812	-0.235713
3047.862	-0.250712
3047.912	-0.268652
3047.962	-0.292574
3048.012	-0.316469
3048.062	-0.344226
3048.112	-0.375499
3048.162	-0.405761
3048.212	-0.440254
3048.262	-0.46494
3048.312	-0.478879
3048.362	-0.48306
3048.412	-0.472819
3048.462	-0.450087
3048.512	-0.413987
3048.562	-0.374445
3048.612	-0.343332
3048.662	-0.315594
3048.712	-0.290244
3048.762	-0.265043
3048.812	-0.250861
3048.862	-0.25448
3048.912	-0.25856
3048.962	-0.262201
3049.012	-0.259664
3049.062	-0.260204
3049.112	-0.25634
3049.162	-0.250971
3049.212	-0.250567
3049.262	-0.247323
3049.312	-0.241425
3049.362	-0.226993
3049.412	-0.22295
3049.462	-0.228534
3049.512	-0.244641
3049.562	-0.267585
3049.612	-0.303348
3049.662	-0.335348
3049.712	-0.370143
3049.762	-0.402611
3049.812	-0.419906
3049.862	-0.436602
3049.912	-0.445087
3049.962	-0.453154
3050.012	-0.460061