2850.	-0.021343
2850.05	-0.015636
2850.1	-0.011514
2850.15	-0.011953
2850.2	-0.014829
2850.25	-0.015041
2850.3	-0.011257
2850.35	-0.002219
2850.4	0.002789
2850.45	0.00327
2850.5	0.008724
2850.55	0.013366
2850.6	0.012974
2850.65	0.012558
2850.7	0.009245
2850.75	0.004032
2850.8	0.006276
2850.85	0.009166
2850.9	0.009085
2850.95	0.012307
2851.	0.012796
2851.05	0.009422
2851.1	0.015089
2851.15	0.022961
2851.2	0.024454
2851.25	0.028652
2851.3	0.030444
2851.35	0.032172
2851.4	0.036218
2851.45	0.038504
2851.5	0.046569
2851.55	0.053832
2851.6	0.056845
2851.65	0.057286
2851.7	0.06141
2851.75	0.071579
2851.8	0.076465
2851.85	0.074451
2851.9	0.074439
2851.95	0.078915
2852.	0.085649
2852.05	0.08925
2852.1	0.091267
2852.15	0.092944
2852.2	0.096842
2852.25	0.10169
2852.3	0.104572
2852.35	0.112328
2852.4	0.116711
2852.45	0.118727
2852.5	0.119191
2852.55	0.117934
2852.6	0.119845
2852.65	0.120323
2852.7	0.11961
2852.75	0.119849
2852.8	0.125717
2852.85	0.125524
2852.9	0.121223
2852.95	0.119402
2853.	0.121793
2853.05	0.128701
2853.1	0.130092
2853.15	0.125524
2853.2	0.127572
2853.25	0.135868
2853.3	0.13577
2853.35	0.14236
2853.4	0.148387
2853.45	0.14749
2853.5	0.147821
2853.55	0.153021
2853.6	0.152514
2853.65	0.15016
2853.7	0.143381
2853.75	0.147533
2853.8	0.149939
2853.85	0.150676
2853.9	0.154016
2853.95	0.153393
2854.	0.150672
2854.05	0.151411
2854.1	0.154078
2854.15	0.149818
2854.2	0.143292
2854.25	0.141546
2854.3	0.14222
2854.35	0.140625
2854.4	0.140537
2854.45	0.139044
2854.5	0.136068
2854.55	0.13474
2854.6	0.138937
2854.65	0.136359
2854.7	0.134327
2854.75	0.133891
2854.8	0.134252
2854.85	0.129948
2854.9	0.130414
2854.95	0.133448
2855.	0.13205
2855.05	0.133095
2855.1	0.133456
2855.15	0.129942
2855.2	0.132072
2855.25	0.135853
2855.3	0.138107
2855.35	0.135015
2855.4	0.136397
2855.45	0.133502
2855.5	0.130654
2855.55	0.130341
2855.6	0.129795
2855.65	0.126725
2855.7	0.126022
2855.75	0.120267
2855.8	0.114861
2855.85	0.114548
2855.9	0.11821
2855.95	0.112306
2856.	0.11318
2856.05	0.122755
2856.1	0.137882
2856.15	0.149324
2856.2	0.168785
2856.25	0.187274
2856.3	0.211622
2856.35	0.235378
2856.4	0.252434
2856.45	0.26079
2856.5	0.256616
2856.55	0.245193
2856.6	0.226401
2856.65	0.209505
2856.7	0.187243
2856.75	0.171939
2856.8	0.157564
2856.85	0.154893
2856.9	0.150127
2856.95	0.152547
2857.	0.158181
2857.05	0.158685
2857.1	0.158264
2857.15	0.14827
2857.2	0.143096
2857.25	0.145728
2857.3	0.156109
2857.35	0.166343
2857.4	0.189154
2857.45	0.225115
2857.5	0.263633
2857.55	0.300986
2857.6	0.344097
2857.65	0.375843
2857.7	0.391426
2857.75	0.387422
2857.8	0.377573
2857.85	0.342135
2857.9	0.30476
2857.95	0.269073
2858.	0.234938
2858.05	0.229176
2858.1	0.24233
2858.15	0.27062
2858.201	0.309778
2858.251	0.339015
2858.301	0.358029
2858.351	0.358405
2858.401	0.344902
2858.451	0.330921
2858.501	0.324433
2858.551	0.323112
2858.601	0.334229
2858.651	0.356973
2858.701	0.380418
2858.751	0.403596
2858.801	0.422749
2858.851	0.433302
2858.901	0.439955
2858.951	0.442318
2859.001	0.435709
2859.051	0.428739
2859.101	0.423759
2859.151	0.426454
2859.201	0.42666
2859.251	0.420821
2859.301	0.42257
2859.351	0.428729
2859.401	0.445033
2859.451	0.452351
2859.501	0.46298
2859.551	0.473738
2859.601	0.476783
2859.651	0.467726
2859.701	0.452571
2859.751	0.430993
2859.801	0.407095
2859.851	0.392151
2859.901	0.382015
2859.951	0.380094
2860.001	0.384161
2860.051	0.389037
2860.101	0.394289
2860.151	0.391929
2860.201	0.397251
2860.251	0.407092
2860.301	0.40159
2860.351	0.407346
2860.401	0.410391
2860.451	0.406818
2860.501	0.400161
2860.551	0.399743
2860.601	0.409041
2860.651	0.417799
2860.701	0.426468
2860.751	0.438703
2860.801	0.447541
2860.851	0.44661
2860.901	0.44383
2860.951	0.437007
2861.001	0.437644
2861.051	0.433453
2861.101	0.426997
2861.151	0.422373
2861.201	0.415985
2861.251	0.406101
2861.301	0.403723
2861.351	0.402318
2861.401	0.4009
2861.451	0.404163
2861.501	0.402109
2861.551	0.402173
2861.601	0.395032
2861.651	0.39268
2861.701	0.379506
2861.751	0.366753
2861.801	0.368289
2861.851	0.366849
2861.901	0.372403
2861.951	0.377913
2862.001	0.380313
2862.051	0.383987
2862.101	0.386658
2862.151	0.391094
2862.201	0.393358
2862.251	0.393729
2862.301	0.391466
2862.351	0.39809
2862.401	0.407129
2862.451	0.428652
2862.501	0.457986
2862.551	0.508214
2862.601	0.570738
2862.651	0.635622
2862.701	0.713053
2862.751	0.788184
2862.801	0.858725
2862.851	0.901688
2862.901	0.901614
2862.951	0.814936
2863.001	0.604545
2863.051	0.232915
2863.101	-0.386949
2863.151	-1.306727
2863.201	-2.608935
2863.251	-4.34661
2863.301	-6.561756
2863.351	-9.250137
2863.401	-12.322121
2863.451	-15.606828
2863.501	-18.750233
2863.551	-21.243871
2863.601	-22.392929
2863.651	-21.343022
2863.701	-17.227679
2863.751	-9.292619
2863.801	2.850698
2863.851	18.924371
2863.901	37.750401
2863.951	57.167904
2864.001	74.129924
2864.051	85.167675
2864.101	87.072315
2864.151	77.824224
2864.201	57.419163
2864.251	28.229091
2864.301	-5.194643
2864.351	-37.069833
2864.401	-61.673397
2864.451	-74.8786
2864.501	-75.261995
2864.551	-64.529917
2864.601	-46.928001
2864.651	-27.870328
2864.701	-12.220944
2864.751	-2.89778
2864.801	-0.246937
2864.851	-2.383676
2864.901	-6.283203
2864.951	-9.102979
2865.001	-9.175459
2865.051	-6.28872
2865.101	-1.384872
2865.151	4.154704
2865.201	9.136095
2865.251	12.809913
2865.301	14.857682
2865.351	15.146447
2865.401	13.623589
2865.451	10.329749
2865.501	5.587169
2865.551	0.11717
2865.601	-5.05105
2865.651	-8.802676
2865.701	-10.22768
2865.751	-8.850876
2865.801	-4.742034
2865.851	1.438738
2865.901	8.559017
2865.951	15.183125
2866.001	19.838249
2866.051	21.419282
2866.101	19.526064
2866.151	14.632074
2866.201	7.909068
2866.251	0.726289
2866.301	-5.796007
2866.351	-11.072778
2866.401	-14.880726
2866.451	-16.992875
2866.501	-16.963476
2866.551	-14.281339
2866.601	-8.819782
2866.651	-1.309185
2866.701	6.639026
2866.751	13.129044
2866.801	16.719921
2866.851	17.074983
2866.901	14.873274
2866.951	11.21121
2867.001	6.933742
2867.051	2.283236
2867.101	-2.779195
2867.151	-8.02442
2867.201	-12.562426
2867.251	-15.092026
2867.301	-14.649567
2867.351	-11.176918
2867.401	-5.651157
2867.451	0.400877
2867.501	5.64182
2867.551	9.408652
2867.601	11.653375
2867.651	12.506319
2867.701	11.868561
2867.751	9.467599
2867.801	5.198423
2867.851	-0.462855
2867.901	-6.445091
2867.951	-11.460743
2868.001	-14.495414
2868.051	-15.135651
2868.101	-13.557696
2868.151	-10.227918
2868.201	-5.6277
2868.251	-0.256034
2868.301	5.313817
2868.351	10.306565
2868.401	13.906302
2868.451	15.550813
2868.501	15.066132
2868.551	12.677287
2868.601	8.870776
2868.651	4.212826
2868.701	-0.680761
2868.751	-5.197573
2868.801	-8.669294
2868.851	-10.464706
2868.901	-10.240916
2868.951	-8.092999
2869.001	-4.586274
2869.051	-0.472875
2869.101	3.527029
2869.151	6.821265
2869.201	8.933435
2869.251	9.54942
2869.301	8.536393
2869.351	6.022814
2869.401	2.428219
2869.451	-1.639595
2869.501	-5.492349
2869.551	-8.595092
2869.601	-10.661258
2869.651	-11.512096
2869.701	-10.966417
2869.751	-8.893919
2869.801	-5.423661
2869.851	-1.04787
2869.901	3.389326
2869.951	6.969568
2870.001	9.083299
2870.051	9.56777
2870.101	8.65581
2870.151	6.738294
2870.201	4.189301
2870.251	1.207508
2870.301	-1.964431
2870.351	-4.923533
2870.401	-7.09395
2870.451	-7.942219
2870.501	-7.252982
2870.551	-5.257945
2870.601	-2.45706
2870.651	0.592966
2870.701	3.407669
2870.751	5.673139
2870.801	7.166072
2870.851	7.762645
2870.901	7.382287
2870.951	6.051818
2871.001	3.912754
2871.051	1.245326
2871.101	-1.582052
2871.151	-4.15968
2871.201	-6.077771
2871.251	-6.984403
2871.301	-6.651144
2871.351	-5.111632
2871.401	-2.69132
2871.451	0.027124
2871.501	2.513387
2871.551	4.473035
2871.601	5.807015
2871.651	6.491917
2871.701	6.458397
2871.751	5.580552
2871.801	3.822544
2871.851	1.359835
2871.901	-1.359625
2871.951	-3.723523
2872.001	-5.239072
2872.051	-5.687386
2872.101	-5.193756
2872.151	-4.038258
2872.201	-2.473742
2872.251	-0.648967
2872.301	1.310944
2872.351	3.151824
2872.401	4.586561
2872.451	5.349785
2872.501	5.298504
2872.551	4.422709
2872.601	2.861547
2872.651	0.894022
2872.701	-1.093592
2872.751	-2.74543
2872.801	-3.785204
2872.851	-4.078509
2872.901	-3.678121
2872.951	-2.763017
2873.001	-1.539763
2873.051	-0.180893
2873.101	1.224665
2873.151	2.614017
2873.201	3.814215
2873.251	4.536741
2873.301	4.520497
2873.351	3.716099
2873.401	2.342144
2873.451	0.759742
2873.501	-0.713333
2873.551	-1.882489
2873.601	-2.664986
2873.651	-3.043191
2873.701	-3.002174
2873.751	-2.53075
2873.801	-1.620181
2873.851	-0.378836
2873.901	0.999079
2873.951	2.209383
2874.001	3.034325
2874.051	3.348597
2874.101	3.156591
2874.151	2.532533
2874.201	1.58287
2874.251	0.464544
2874.301	-0.664407
2874.351	-1.662301
2874.401	-2.428015
2874.451	-2.932626
2874.501	-3.157227
2874.551	-3.100394
2874.602	-2.773194
2874.652	-2.271016
2874.702	-1.733972
2874.752	-1.298131
2874.802	-1.058922
2874.852	-1.028337
2874.902	-1.103664
2874.952	-1.095197
2875.002	-0.759812
2875.052	0.086634
2875.102	1.46028
2875.152	3.303402
2875.202	5.507653
2875.252	7.987695
2875.302	10.632
2875.352	13.172624
2875.402	15.193467
2875.452	16.178616
2875.502	15.660173
2875.552	13.383896
2875.602	9.423156
2875.652	4.16893
2875.702	-1.784878
2875.752	-7.734011
2875.802	-12.990231
2875.852	-16.907975
2875.902	-18.94945
2875.952	-18.834251
2876.002	-16.672365
2876.052	-13.020174
2876.102	-8.684322
2876.152	-4.549601
2876.202	-1.305351
2876.252	0.673526
2876.302	1.381158
2876.352	1.185609
2876.402	0.717227
2876.452	0.705235
2876.502	1.655866
2876.552	3.632488
2876.602	6.206157
2876.652	8.58879
2876.702	9.929533
2876.752	9.612202
2876.802	7.478392
2876.852	3.826675
2876.902	-0.65452
2876.952	-5.019644
2877.002	-8.285915
2877.052	-9.619736
2877.102	-8.645753
2877.152	-5.571324
2877.202	-1.203233
2877.252	3.357174
2877.302	7.103581
2877.352	9.461751
2877.402	10.272818
2877.452	9.666736
2877.502	7.926385
2877.552	5.357261
2877.602	2.302454
2877.652	-0.865839
2877.702	-3.792861
2877.752	-6.163279
2877.802	-7.715401
2877.852	-8.229494
2877.902	-7.545236
2877.952	-5.680446
2878.002	-2.894194
2878.052	0.297055
2878.102	3.217678
2878.152	5.308421
2878.202	6.256438
2878.252	6.097626
2878.302	5.076197
2878.352	3.474666
2878.402	1.54283
2878.452	-0.506635
2878.502	-2.412521
2878.552	-3.907779
2878.602	-4.788842
2878.652	-4.967416
2878.702	-4.508111
2878.752	-3.526427
2878.802	-2.135693
2878.852	-0.510974
2878.902	1.084263
2878.952	2.386214
2879.002	3.167207
2879.052	3.329872
2879.102	2.929389
2879.152	2.151502
2879.202	1.21625
2879.252	0.312062
2879.302	-0.456549
2879.352	-1.039239
2879.402	-1.439723
2879.452	-1.667266
2879.502	-1.706112
2879.552	-1.548664
2879.602	-1.160712
2879.652	-0.530222
2879.702	0.297262
2879.752	1.180208
2879.802	1.924142
2879.852	2.360402
2879.902	2.446189
2879.952	2.248404
2880.002	1.91646
2880.052	1.552607
2880.102	1.18017
2880.152	0.785569
2880.202	0.301673
2880.252	-0.314134
2880.302	-1.02461
2880.352	-1.747055
2880.402	-2.311813
2880.452	-2.570617
2880.502	-2.45749
2880.552	-2.034815
2880.602	-1.462109
2880.652	-0.907003
2880.702	-0.454723
2880.752	-0.105212
2880.802	0.184188
2880.852	0.425085
2880.902	0.585847
2880.952	0.604167
2881.002	0.421432
2881.052	0.027981
2881.102	-0.533086
2881.152	-1.202741
2881.202	-1.878943
2881.252	-2.439351
2881.302	-2.724052
2881.352	-2.635886
2881.402	-2.165715
2881.452	-1.418881
2881.502	-0.543122
2881.552	0.367203
2881.602	1.277867
2881.652	2.140312
2881.702	2.823635
2881.752	3.119055
2881.802	2.844055
2881.852	1.991845
2881.902	0.770687
2881.952	-0.516448
2882.002	-1.592311
2882.052	-2.333291
2882.102	-2.765438
2882.152	-2.943706
2882.202	-2.870757
2882.252	-2.497598
2882.302	-1.72885
2882.352	-0.577026
2882.402	0.807853
2882.452	2.119957
2882.502	3.028847
2882.552	3.294665
2882.602	2.866137
2882.652	1.865003
2882.702	0.569263
2882.752	-0.756929
2882.802	-1.911419
2882.852	-2.806266
2882.902	-3.399205
2882.952	-3.617041
2883.002	-3.371703
2883.052	-2.597102
2883.102	-1.348417
2883.152	0.124544
2883.202	1.511652
2883.252	2.532068
2883.302	3.053428
2883.352	3.100635
2883.402	2.767611
2883.452	2.120529
2883.502	1.172459
2883.552	-0.073742
2883.602	-1.515156
2883.652	-2.894306
2883.702	-3.901265
2883.752	-4.267858
2883.802	-3.917283
2883.852	-3.01024
2883.902	-1.803266
2883.952	-0.53421
2884.002	0.686591
2884.052	1.812022
2884.102	2.752002
2884.152	3.332156
2884.202	3.339804
2884.252	2.653653
2884.302	1.367173
2884.352	-0.224405
2884.402	-1.773976
2884.452	-2.978605
2884.502	-3.716374
2884.552	-3.975109
2884.602	-3.766182
2884.652	-3.089003
2884.702	-1.980162
2884.752	-0.578153
2884.802	0.879802
2884.852	2.120824
2884.902	2.923409
2884.952	3.167828
2885.002	2.853538
2885.052	2.031095
2885.102	0.825545
2885.152	-0.57533
2885.202	-1.929804
2885.252	-3.005607
2885.302	-3.654912
2885.352	-3.828995
2885.402	-3.547728
2885.452	-2.878037
2885.502	-1.911182
2885.552	-0.746844
2885.602	0.474896
2885.652	1.545331
2885.702	2.286361
2885.752	2.549565
2885.802	2.280099
2885.852	1.541571
2885.902	0.444697
2885.952	-0.825589
2886.002	-2.056994
2886.052	-3.051244
2886.102	-3.666998
2886.152	-3.810001
2886.202	-3.461152
2886.252	-2.659533
2886.302	-1.460306
2886.352	0.038882
2886.402	1.645442
2886.452	3.11057
2886.502	4.19794
2886.552	4.770143
2886.602	4.814678
2886.652	4.408328
2886.702	3.661655
2886.752	2.66038
2886.802	1.472259
2886.852	0.218066
2886.902	-0.94691
2886.952	-1.87808
2887.002	-2.486704
2887.052	-2.758806
2887.102	-2.79154
2887.152	-2.71336
2887.202	-2.587614
2887.252	-2.460498
2887.302	-2.35261
2887.352	-2.277003
2887.402	-2.295286
2887.452	-2.420076
2887.502	-2.630986
2887.552	-2.82948
2887.602	-2.910039
2887.652	-2.805765
2887.702	-2.508309
2887.752	-2.03203
2887.802	-1.382621
2887.852	-0.544316
2887.902	0.489167
2887.952	1.668696
2888.002	2.831913
2888.052	3.764457
2888.102	4.246558
2888.152	4.11646
2888.202	3.335406
2888.252	1.976944
2888.302	0.208656
2888.352	-1.718638
2888.402	-3.498933
2888.452	-4.788732
2888.502	-5.298062
2888.552	-4.867354
2888.602	-3.539037
2888.652	-1.567497
2888.702	0.660768
2888.752	2.744749
2888.802	4.312287
2888.852	5.081255
2888.902	4.909269
2888.952	3.839608
2889.002	2.092779
2889.052	0.047772
2889.102	-1.881361
2889.152	-3.362348
2889.202	-4.226816
2889.252	-4.457742
2889.302	-4.147639
2889.352	-3.402942
2889.402	-2.348479
2889.452	-1.122119
2889.502	0.119005
2889.552	1.18612
2889.602	1.930368
2889.652	2.271593
2889.702	2.209992
2889.752	1.791807
2889.802	1.093979
2889.852	0.198664
2889.902	-0.778406
2889.952	-1.704372
2890.002	-2.439374
2890.052	-2.826169
2890.102	-2.804482
2890.152	-2.397447
2890.202	-1.697987
2890.252	-0.867655
2890.302	-0.047709
2890.352	0.654175
2890.402	1.177948
2890.452	1.483295
2890.502	1.563295
2890.552	1.417671
2890.602	1.073913
2890.652	0.581013
2890.702	0.036609
2890.752	-0.496262
2890.802	-0.965788
2890.852	-1.327028
2890.902	-1.514165
2890.952	-1.477116
2891.003	-1.203096
2891.053	-0.732466
2891.103	-0.188207
2891.153	0.302002
2891.203	0.653527
2891.253	0.85093
2891.303	0.899066
2891.353	0.816883
2891.403	0.597184
2891.453	0.222672
2891.503	-0.285428
2891.553	-0.836953
2891.603	-1.299074
2891.653	-1.587441
2891.703	-1.653457
2891.753	-1.540911
2891.803	-1.301049
2891.853	-0.973352
2891.903	-0.590577
2891.953	-0.204428
2892.003	0.142456
2892.053	0.366971
2892.103	0.43819
2892.153	0.348751
2892.203	0.143846
2892.253	-0.114748
2892.303	-0.371622
2892.353	-0.57364
2892.403	-0.722039
2892.453	-0.810328
2892.503	-0.831762
2892.553	-0.78525
2892.603	-0.653148
2892.653	-0.44751
2892.703	-0.182862
2892.753	0.09759
2892.803	0.322132
2892.853	0.428805
2892.903	0.381945
2892.953	0.20819
2893.003	-0.044164
2893.053	-0.282079
2893.103	-0.452776
2893.153	-0.529816
2893.203	-0.545304
2893.253	-0.540003
2893.303	-0.544413
2893.353	-0.536284
2893.403	-0.481006
2893.453	-0.340119
2893.503	-0.102524
2893.553	0.171046
2893.603	0.395889
2893.653	0.510155
2893.703	0.468251
2893.753	0.304439
2893.803	0.071864
2893.853	-0.163979
2893.903	-0.372113
2893.953	-0.516683
2894.003	-0.585612
2894.053	-0.571886
2894.103	-0.485836
2894.153	-0.336874
2894.203	-0.147006
2894.253	0.072068
2894.303	0.284027
2894.353	0.448056
2894.403	0.521618
2894.453	0.460924
2894.503	0.294858
2894.553	0.051701
2894.603	-0.207048
2894.653	-0.46439
2894.703	-0.69764
2894.753	-0.880165
2894.803	-0.969123
2894.853	-0.921458
2894.903	-0.720682
2894.953	-0.389559
2895.003	0.020503
2895.053	0.417632
2895.103	0.726124
2895.153	0.897588
2895.203	0.899836
2895.253	0.746146
2895.303	0.472917
2895.353	0.143392
2895.403	-0.178601
2895.453	-0.475493
2895.503	-0.714493
2895.553	-0.893463
2895.603	-0.968033
2895.653	-0.895751
2895.703	-0.669339
2895.753	-0.318545
2895.803	0.050557
2895.853	0.357634
2895.903	0.536419
2895.953	0.587927
2896.003	0.55559
2896.053	0.456731
2896.103	0.261175
2896.153	-0.027921
2896.203	-0.411412
2896.253	-0.837607
2896.303	-1.205682
2896.353	-1.433379
2896.403	-1.461055
2896.453	-1.291123
2896.503	-0.966635
2896.553	-0.542984
2896.603	-0.091945
2896.653	0.341591
2896.703	0.698024
2896.753	0.959931
2896.803	1.075861
2896.853	1.024322
2896.903	0.804611
2896.953	0.428216
2897.003	-0.04017
2897.053	-0.515386
2897.103	-0.882171
2897.153	-1.053628
2897.203	-0.98791
2897.253	-0.732167
2897.303	-0.34423
2897.353	0.092989
2897.403	0.523472
2897.453	0.917812
2897.503	1.247921
2897.553	1.464101
2897.603	1.502579
2897.653	1.316234
2897.703	0.923746
2897.753	0.411656
2897.803	-0.108275
2897.853	-0.519626
2897.903	-0.763079
2897.953	-0.849625
2898.003	-0.791825
2898.053	-0.598672
2898.103	-0.281888
2898.153	0.117566
2898.203	0.535275
2898.253	0.872777
2898.303	1.05312
2898.353	1.030567
2898.403	0.796714
2898.453	0.373512
2898.503	-0.221562
2898.553	-0.919973
2898.603	-1.656151
2898.653	-2.3076
2898.703	-2.768352
2898.753	-2.964403
2898.803	-2.87892
2898.853	-2.545189
2898.903	-2.009878
2898.953	-1.323058
2899.003	-0.549582
2899.053	0.234085
2899.103	0.921074
2899.153	1.400492
2899.203	1.608464
2899.253	1.535598
2899.303	1.232177
2899.353	0.76583
2899.403	0.214848
2899.453	-0.331547
2899.503	-0.803068
2899.553	-1.131681
2899.603	-1.280673
2899.653	-1.249292
2899.703	-1.070028
2899.753	-0.765658
2899.803	-0.389909
2899.853	0.007195
2899.903	0.367398
2899.953	0.620609
2900.003	0.741245
2900.053	0.701186
2900.103	0.537507
2900.153	0.30067
2900.203	0.026168
2900.253	-0.253851
2900.303	-0.541402
2900.353	-0.833379
2900.403	-1.090306
2900.453	-1.24411
2900.503	-1.228259
2900.553	-1.02197
2900.603	-0.682195
2900.653	-0.28283
2900.703	0.091551
2900.753	0.383211
2900.803	0.570696
2900.853	0.63907
2900.903	0.563221
2900.953	0.323002
2901.003	-0.053493
2901.053	-0.512378
2901.103	-0.949377
2901.153	-1.251091
2901.203	-1.348629
2901.253	-1.238721
2901.303	-0.965043
2901.353	-0.595115
2901.403	-0.20257
2901.453	0.159471
2901.503	0.46092
2901.553	0.655234
2901.603	0.71341
2901.653	0.631839
2901.703	0.415281
2901.753	0.10335
2901.803	-0.264907
2901.853	-0.636889
2901.903	-0.935081
2901.953	-1.098261
2902.003	-1.113981
2902.053	-0.972722
2902.103	-0.717736
2902.153	-0.412163
2902.203	-0.110722
2902.253	0.144151
2902.303	0.309229
2902.353	0.367592
2902.403	0.279898
2902.453	0.042019
2902.503	-0.30423
2902.553	-0.717447
2902.603	-1.106178
2902.653	-1.381452
2902.703	-1.492177
2902.753	-1.420031
2902.803	-1.193602
2902.853	-0.884574
2902.903	-0.539996
2902.953	-0.196292
2903.003	0.108989
2903.053	0.356744
2903.103	0.515136
2903.153	0.573639
2903.203	0.51436
2903.253	0.337527
2903.303	0.0858
2903.353	-0.195974
2903.403	-0.455359
2903.453	-0.628313
2903.503	-0.705823
2903.553	-0.677862
2903.603	-0.58137
2903.653	-0.428662
2903.703	-0.237413
2903.753	-0.017442
2903.803	0.225685
2903.853	0.447812
2903.903	0.60587
2903.953	0.652155
2904.003	0.558667
2904.053	0.33966
2904.103	0.062165
2904.153	-0.226004
2904.203	-0.472084
2904.253	-0.675894
2904.303	-0.809851
2904.353	-0.866044
2904.403	-0.825722
2904.453	-0.689152
2904.503	-0.475686
2904.553	-0.243216
2904.603	-0.04611
2904.653	0.069108
2904.703	0.085277
2904.753	0.016941
2904.803	-0.10863
2904.853	-0.264766
2904.903	-0.415098
2904.953	-0.563914
2905.003	-0.693215
2905.053	-0.805547
2905.103	-0.888869
2905.153	-0.941963
2905.203	-0.965311
2905.253	-0.950643
2905.303	-0.896164
2905.353	-0.807551
2905.403	-0.697271
2905.453	-0.608073
2905.503	-0.576115
2905.553	-0.583052
2905.603	-0.612024
2905.653	-0.628512
2905.703	-0.62291
2905.753	-0.621196
2905.803	-0.636435
2905.853	-0.68899
2905.903	-0.767864
2905.953	-0.81735
2906.003	-0.803832
2906.053	-0.724462
2906.103	-0.597588
2906.153	-0.465741
2906.203	-0.350314
2906.253	-0.260167
2906.303	-0.186942
2906.353	-0.138902
2906.403	-0.136082
2906.453	-0.184524
2906.503	-0.266549
2906.553	-0.363211
2906.603	-0.435001
2906.653	-0.480057
2906.703	-0.512541
2906.753	-0.556392
2906.803	-0.604467
2906.853	-0.649755
2906.903	-0.688107
2906.953	-0.702443
2907.003	-0.720998
2907.053	-0.73299
2907.103	-0.74065
2907.153	-0.717411
2907.203	-0.658849
2907.253	-0.573446
2907.303	-0.48139
2907.354	-0.383695
2907.404	-0.285702
2907.454	-0.175364
2907.504	-0.07565
2907.554	0.013454
2907.604	0.071324
2907.654	0.062972
2907.704	-0.00894
2907.754	-0.110616
2907.804	-0.211737
2907.854	-0.272967
2907.904	-0.27319
2907.954	-0.210949
2908.004	-0.102816
2908.054	0.038621
2908.104	0.186887
2908.154	0.337144
2908.204	0.475621
2908.254	0.559959
2908.304	0.577229
2908.354	0.510692
2908.404	0.370547
2908.454	0.175033
2908.504	-0.055074
2908.554	-0.274661
2908.604	-0.460766
2908.654	-0.596396
2908.704	-0.670242
2908.754	-0.692231
2908.804	-0.658041
2908.854	-0.593779
2908.904	-0.496173
2908.954	-0.379159
2909.004	-0.257521
2909.054	-0.140773
2909.104	-0.071346
2909.154	-0.04829
2909.204	-0.092754
2909.254	-0.181139
2909.304	-0.301792
2909.354	-0.439741
2909.404	-0.580783
2909.454	-0.71057
2909.504	-0.806058
2909.554	-0.8486
2909.604	-0.820675
2909.654	-0.721773
2909.704	-0.57109
2909.754	-0.385855
2909.804	-0.18568
2909.854	-0.018658
2909.904	0.085679
2909.954	0.095742
2910.004	0.023841
2910.054	-0.118112
2910.104	-0.29764
2910.154	-0.484644
2910.204	-0.651345
2910.254	-0.757137
2910.304	-0.782352
2910.354	-0.710048
2910.404	-0.539932
2910.454	-0.296684
2910.504	-0.013373
2910.554	0.27344
2910.604	0.529308
2910.654	0.724351
2910.704	0.824619
2910.754	0.829321
2910.804	0.73485
2910.854	0.557123
2910.904	0.32274
2910.954	0.073681
2911.004	-0.183033
2911.054	-0.412838
2911.104	-0.580238
2911.154	-0.672428
2911.204	-0.678618
2911.254	-0.585835
2911.304	-0.404232
2911.354	-0.165108
2911.404	0.091359
2911.454	0.336848
2911.504	0.531275
2911.554	0.648162
2911.604	0.67413
2911.654	0.605076
2911.704	0.426723
2911.754	0.158695
2911.804	-0.160924
2911.854	-0.491189
2911.904	-0.76384
2911.954	-0.926906
2912.004	-0.955797
2912.054	-0.867464
2912.104	-0.680806
2912.154	-0.423087
2912.204	-0.133823
2912.254	0.149298
2912.304	0.385837
2912.354	0.537819
2912.404	0.562422
2912.454	0.47282
2912.504	0.276236
2912.554	0.027743
2912.604	-0.238538
2912.654	-0.476677
2912.704	-0.641192
2912.754	-0.708712
2912.804	-0.677781
2912.854	-0.54458
2912.904	-0.3291
2912.954	-0.069494
2913.004	0.209375
2913.054	0.461108
2913.104	0.643298
2913.154	0.727096
2913.204	0.7123
2913.254	0.597614
2913.304	0.397336
2913.354	0.144636
2913.404	-0.144231
2913.454	-0.431662
2913.504	-0.687609
2913.554	-0.869404
2913.604	-0.953362
2913.654	-0.920206
2913.704	-0.78658
2913.754	-0.57676
2913.804	-0.334232
2913.854	-0.092592
2913.904	0.111878
2913.954	0.248072
2914.004	0.288461
2914.054	0.217006
2914.104	0.04908
2914.154	-0.168665
2914.204	-0.384178
2914.254	-0.5663
2914.304	-0.690448
2914.354	-0.751833
2914.404	-0.739461
2914.454	-0.657747
2914.504	-0.515924
2914.554	-0.312474
2914.604	-0.089727
2914.654	0.121786
2914.704	0.279273
2914.754	0.363653
2914.804	0.355159
2914.854	0.24851
2914.904	0.071142
2914.954	-0.156169
2915.004	-0.400464
2915.054	-0.62624
2915.104	-0.799736
2915.154	-0.887924
2915.204	-0.882487
2915.254	-0.783922
2915.304	-0.589399
2915.354	-0.322853
2915.404	-0.030945
2915.454	0.244989
2915.504	0.458665
2915.554	0.570297
2915.604	0.563716
2915.654	0.45549
2915.704	0.267749
2915.754	0.016939
2915.804	-0.26309
2915.854	-0.538808
2915.904	-0.765841
2915.954	-0.891777
2916.004	-0.892236
2916.054	-0.785057
2916.104	-0.583147
2916.154	-0.344597
2916.204	-0.081379
2916.254	0.167597
2916.304	0.356456
2916.354	0.462907
2916.404	0.447576
2916.454	0.311586
2916.504	0.070791
2916.554	-0.235709
2916.604	-0.560513
2916.654	-0.853651
2916.704	-1.101344
2916.754	-1.268992
2916.804	-1.330937
2916.854	-1.280185
2916.904	-1.107517
2916.954	-0.841162
2917.004	-0.528326
2917.054	-0.218493
2917.104	0.03968
2917.154	0.223776
2917.204	0.322867
2917.254	0.335065
2917.304	0.258654
2917.354	0.117812
2917.404	-0.072097
2917.454	-0.286354
2917.504	-0.479295
2917.554	-0.633417
2917.604	-0.73132
2917.654	-0.756581
2917.704	-0.716566
2917.754	-0.625306
2917.804	-0.489526
2917.854	-0.335573
2917.904	-0.185649
2917.954	-0.083094
2918.004	-0.030197
2918.054	-0.047419
2918.104	-0.136683
2918.154	-0.296557
2918.204	-0.47944
2918.254	-0.665235
2918.304	-0.828517
2918.354	-0.939531
2918.404	-0.978571
2918.454	-0.947356
2918.504	-0.850421
2918.554	-0.709406
2918.604	-0.523878
2918.654	-0.305803
2918.704	-0.075144
2918.754	0.129094
2918.804	0.274636
2918.854	0.315384
2918.904	0.261716
2918.954	0.123172
2919.004	-0.071279
2919.054	-0.286054
2919.104	-0.499154
2919.154	-0.668029
2919.204	-0.78427
2919.254	-0.814515
2919.304	-0.759567
2919.354	-0.626753
2919.404	-0.447934
2919.454	-0.250451
2919.504	-0.080457
2919.554	0.04596
2919.604	0.105367
2919.654	0.085982
2919.704	-0.035683
2919.754	-0.244608
2919.804	-0.505692
2919.854	-0.777067
2919.904	-1.008572
2919.954	-1.175537
2920.004	-1.250034
2920.054	-1.240156
2920.104	-1.141449
2920.154	-0.975282
2920.204	-0.757622
2920.254	-0.519121
2920.304	-0.303335
2920.354	-0.156877
2920.404	-0.081919
2920.454	-0.082845
2920.504	-0.145056
2920.554	-0.244358
2920.604	-0.360271
2920.654	-0.487103
2920.704	-0.625453
2920.754	-0.735796
2920.804	-0.814998
2920.854	-0.844033
2920.904	-0.803888
2920.954	-0.717425
2921.004	-0.594955
2921.054	-0.458167
2921.104	-0.313978
2921.154	-0.19564
2921.204	-0.12954
2921.254	-0.128171
2921.304	-0.198252
2921.354	-0.350984
2921.404	-0.556642
2921.454	-0.788933
2921.504	-1.009002
2921.554	-1.173122
2921.604	-1.255877
2921.654	-1.22726
2921.704	-1.102744
2921.754	-0.896639
2921.804	-0.647711
2921.854	-0.411255
2921.904	-0.223646
2921.954	-0.102142
2922.004	-0.057903
2922.054	-0.099755
2922.104	-0.217014
2922.154	-0.409799
2922.204	-0.639782
2922.254	-0.867781
2922.304	-1.050095
2922.354	-1.146739
2922.404	-1.14158
2922.454	-1.051458
2922.504	-0.884283
2922.554	-0.67134
2922.604	-0.449765
2922.654	-0.256773
2922.704	-0.107584
2922.754	-0.032598
2922.804	-0.049057
2922.854	-0.148045
2922.904	-0.314235
2922.954	-0.509565
2923.004	-0.704072
2923.054	-0.869252
2923.104	-0.989877
2923.154	-1.050156
2923.204	-1.054228
2923.254	-0.990218
2923.304	-0.882499
2923.354	-0.737424
2923.404	-0.584992
2923.454	-0.438753
2923.504	-0.328087
2923.554	-0.251602
2923.604	-0.223624
2923.654	-0.257398
2923.704	-0.360969
2923.755	-0.512553
2923.805	-0.686152
2923.855	-0.859955
2923.905	-1.005596
2923.955	-1.102895
2924.005	-1.147706
2924.055	-1.117656
2924.105	-1.022531
2924.155	-0.859562
2924.205	-0.677628
2924.255	-0.503799
2924.305	-0.376859
2924.355	-0.304628
2924.405	-0.305715
2924.455	-0.376854
2924.505	-0.516527
2924.555	-0.695965
2924.605	-0.901032
2924.655	-1.093825
2924.705	-1.247253
2924.755	-1.34528
2924.805	-1.364206
2924.855	-1.318826
2924.905	-1.227481
2924.955	-1.110126
2925.005	-0.985187
2925.055	-0.87118
2925.105	-0.793781
2925.155	-0.761509
2925.205	-0.758678
2925.255	-0.783148
2925.305	-0.807449
2925.355	-0.840195
2925.405	-0.865346
2925.455	-0.895214
2925.505	-0.921683
2925.555	-0.935879
2925.605	-0.925395
2925.655	-0.886772
2925.705	-0.826165
2925.755	-0.753624
2925.805	-0.675042
2925.855	-0.608217
2925.905	-0.545566
2925.955	-0.503403
2926.005	-0.485701
2926.055	-0.505906
2926.105	-0.568705
2926.155	-0.665965
2926.205	-0.787169
2926.255	-0.895742
2926.305	-1.00671
2926.355	-1.094538
2926.405	-1.157405
2926.455	-1.161345
2926.505	-1.118726
2926.555	-1.022284
2926.605	-0.870912
2926.655	-0.704794
2926.705	-0.555238
2926.755	-0.444133
2926.805	-0.382014
2926.855	-0.366761
2926.905	-0.403057
2926.955	-0.502637
2927.005	-0.637439
2927.055	-0.794377
2927.105	-0.927812
2927.155	-1.032549
2927.205	-1.081889
2927.255	-1.076119
2927.305	-1.015243
2927.355	-0.913698
2927.405	-0.771196
2927.455	-0.635196
2927.505	-0.513196
2927.555	-0.4292
2927.605	-0.399802
2927.655	-0.426409
2927.705	-0.50326
2927.755	-0.612776
2927.805	-0.738325
2927.855	-0.870644
2927.905	-0.990957
2927.955	-1.087833
2928.005	-1.145253
2928.055	-1.157592
2928.105	-1.112898
2928.155	-1.039427
2928.205	-0.931075
2928.255	-0.817542
2928.305	-0.706311
2928.355	-0.615769
2928.405	-0.53999
2928.455	-0.506832
2928.505	-0.518201
2928.555	-0.573538
2928.605	-0.657418
2928.655	-0.761652
2928.705	-0.878849
2928.755	-0.976469
2928.805	-1.037927
2928.855	-1.060908
2928.905	-1.041919
2928.955	-0.983771
2929.005	-0.893508
2929.055	-0.800968
2929.105	-0.713408
2929.155	-0.63762
2929.205	-0.590732
2929.255	-0.562538
2929.305	-0.563224
2929.355	-0.598733
2929.405	-0.654139
2929.455	-0.71932
2929.505	-0.785492
2929.555	-0.842274
2929.605	-0.879975
2929.655	-0.907016
2929.705	-0.908526
2929.755	-0.881661
2929.805	-0.818455
2929.855	-0.721792
2929.905	-0.59881
2929.955	-0.466044
2930.005	-0.345717
2930.055	-0.248544
2930.105	-0.199326
2930.155	-0.210089
2930.205	-0.285715
2930.255	-0.395741
2930.305	-0.538808
2930.355	-0.692189
2930.405	-0.81854
2930.455	-0.914369
2930.505	-0.965129
2930.555	-0.950227
2930.605	-0.877834
2930.655	-0.749151
2930.705	-0.583658
2930.755	-0.415645
2930.805	-0.270201
2930.855	-0.166508
2930.905	-0.117131
2930.955	-0.128272
2931.005	-0.187397
2931.055	-0.276937
2931.105	-0.405764
2931.155	-0.542154
2931.205	-0.641891
2931.255	-0.70578
2931.305	-0.709275
2931.355	-0.660558
2931.405	-0.558364
2931.455	-0.442832
2931.505	-0.318224
2931.555	-0.204669
2931.605	-0.118686
2931.655	-0.066835
2931.705	-0.056162
2931.755	-0.08688
2931.805	-0.176087
2931.855	-0.302658
2931.905	-0.446598
2931.955	-0.602905
2932.005	-0.752963
2932.055	-0.874915
2932.105	-0.92582
2932.155	-0.914443
2932.205	-0.841339
2932.255	-0.716699
2932.305	-0.56741
2932.355	-0.424905
2932.405	-0.29623
2932.455	-0.194513
2932.505	-0.13826
2932.555	-0.135664
2932.605	-0.194564
2932.655	-0.326455
2932.705	-0.500297
2932.755	-0.685105
2932.805	-0.843197
2932.855	-0.955183
2932.905	-1.004512
2932.955	-0.993385
2933.005	-0.91609
2933.055	-0.788307
2933.105	-0.599904
2933.155	-0.402665
2933.205	-0.223327
2933.255	-0.083367
2933.305	-0.022547
2933.355	-0.041126
2933.405	-0.130929
2933.455	-0.282848
2933.505	-0.461359
2933.555	-0.641232
2933.605	-0.799922
2933.655	-0.90253
2933.705	-0.944595
2933.755	-0.915243
2933.805	-0.824368
2933.855	-0.69109
2933.905	-0.540378
2933.955	-0.376224
2934.005	-0.245224
2934.055	-0.171024
2934.105	-0.153394
2934.155	-0.207868
2934.205	-0.322515
2934.255	-0.466785
2934.305	-0.643818
2934.355	-0.808504
2934.405	-0.945444
2934.455	-1.032289
2934.505	-1.056444
2934.555	-1.004302
2934.605	-0.901545
2934.655	-0.75071
2934.705	-0.583097
2934.755	-0.426876
2934.805	-0.3058
2934.855	-0.230769
2934.905	-0.216017
2934.955	-0.25092
2935.005	-0.357119
2935.055	-0.500411
2935.105	-0.660454
2935.155	-0.816641
2935.205	-0.952629
2935.255	-1.048634
2935.305	-1.090963
2935.355	-1.064402
2935.405	-0.974908
2935.455	-0.835942
2935.505	-0.667497
2935.555	-0.51245
2935.605	-0.405301
2935.655	-0.346231
2935.705	-0.338662
2935.755	-0.385148
2935.805	-0.475576
2935.855	-0.599563
2935.905	-0.746074
2935.955	-0.899212
2936.005	-1.03708
2936.055	-1.156628
2936.105	-1.22401
2936.155	-1.231803
2936.205	-1.187713
2936.255	-1.084759
2936.305	-0.954898
2936.355	-0.806775
2936.405	-0.673613
2936.455	-0.556275
2936.505	-0.461673
2936.555	-0.413249
2936.605	-0.414303
2936.655	-0.460091
2936.705	-0.545441
2936.755	-0.659738
2936.805	-0.783917
2936.855	-0.909118
2936.905	-1.007233
2936.955	-1.067856
2937.005	-1.063517
2937.055	-1.003259
2937.105	-0.894656
2937.155	-0.755431
2937.205	-0.613112
2937.255	-0.478641
2937.305	-0.373715
2937.355	-0.333251
2937.405	-0.357985
2937.455	-0.4486
2937.505	-0.584253
2937.555	-0.741359
2937.605	-0.893113
2937.655	-1.027567
2937.705	-1.115819
2937.755	-1.154724
2937.805	-1.137837
2937.855	-1.075783
2937.905	-0.969977
2937.955	-0.835349
2938.005	-0.692417
2938.055	-0.562371
2938.105	-0.467209
2938.155	-0.398592
2938.205	-0.385689
2938.255	-0.419696
2938.305	-0.498628
2938.355	-0.622154
2938.405	-0.76226
2938.455	-0.896153
2938.505	-1.011049
2938.555	-1.082909
2938.605	-1.102328
2938.655	-1.085458
2938.705	-1.029916
2938.755	-0.936071
2938.805	-0.825435
2938.855	-0.703329
2938.905	-0.607672
2938.955	-0.568488
2939.005	-0.586821
2939.055	-0.663958
2939.105	-0.775664
2939.155	-0.905792
2939.205	-1.032496
2939.255	-1.147864
2939.305	-1.218529
2939.355	-1.241089
2939.405	-1.183772
2939.455	-1.065284
2939.505	-0.865448
2939.555	-0.616919
2939.605	-0.365011
2939.655	-0.128084
2939.705	0.061283
2939.755	0.179961
2939.805	0.208123
2939.855	0.143602
2939.905	-0.008248
2939.955	-0.24138
2940.005	-0.545669
2940.055	-0.878671
2940.105	-1.215749
2940.156	-1.529184
2940.206	-1.785982
2940.256	-1.959443
2940.306	-2.051356
2940.356	-2.070174
2940.406	-2.032043
2940.456	-1.953158
2940.506	-1.85565
2940.556	-1.751914
2940.606	-1.656811
2940.656	-1.562393
2940.706	-1.46753
2940.756	-1.382028
2940.806	-1.301294
2940.856	-1.209516
2940.906	-1.105763
2940.956	-0.994793
2941.006	-0.87156
2941.056	-0.743315
2941.106	-0.62152
2941.156	-0.509029
2941.206	-0.4202
2941.256	-0.356216
2941.306	-0.337584
2941.356	-0.358446
2941.406	-0.413965
2941.456	-0.507738
2941.506	-0.623715
2941.556	-0.747768
2941.606	-0.875811
2941.656	-0.99888
2941.706	-1.098302
2941.756	-1.152289
2941.806	-1.156227
2941.856	-1.110545
2941.906	-1.042861
2941.956	-0.959134
2942.006	-0.874377
2942.056	-0.793189
2942.106	-0.74969
2942.156	-0.744478
2942.206	-0.790602
2942.256	-0.909424
2942.306	-1.083803
2942.356	-1.294994
2942.406	-1.521189
2942.456	-1.730589
2942.506	-1.894608
2942.556	-2.002804
2942.606	-2.040996
2942.656	-2.018471
2942.706	-1.926613
2942.756	-1.774193
2942.806	-1.580179
2942.856	-1.37306
2942.906	-1.163011
2942.956	-0.983121
2943.006	-0.856398
2943.056	-0.795149
2943.106	-0.794024
2943.156	-0.834494
2943.206	-0.895776
2943.256	-0.956001
2943.306	-1.004278
2943.356	-1.022359
2943.406	-1.009065
2943.456	-0.966616
2943.506	-0.892436
2943.556	-0.799813
2943.606	-0.690601
2943.656	-0.597943
2943.706	-0.529798
2943.756	-0.502159
2943.806	-0.525141
2943.856	-0.587571
2943.906	-0.68064
2943.956	-0.783526
2944.006	-0.893719
2944.056	-1.007517
2944.106	-1.114177
2944.156	-1.195256
2944.206	-1.248479
2944.256	-1.264674
2944.306	-1.239698
2944.356	-1.187296
2944.406	-1.1258
2944.456	-1.065651
2944.506	-1.009328
2944.556	-0.972365
2944.606	-0.97025
2944.656	-0.997232
2944.706	-1.049046
2944.756	-1.119989
2944.806	-1.207274
2944.856	-1.295754
2944.906	-1.375544
2944.956	-1.43442
2945.006	-1.462796
2945.056	-1.440605
2945.106	-1.395081
2945.156	-1.308204
2945.206	-1.212749
2945.256	-1.120613
2945.306	-1.054893
2945.356	-1.011837
2945.406	-0.99886
2945.456	-1.012711
2945.506	-1.043789
2945.556	-1.098889
2945.606	-1.152209
2945.656	-1.215686
2945.706	-1.260918
2945.756	-1.293256
2945.806	-1.302773
2945.856	-1.285063
2945.906	-1.254597
2945.956	-1.194184
2946.006	-1.143398
2946.056	-1.069877
2946.106	-1.007371
2946.156	-0.950213
2946.206	-0.90597
2946.256	-0.881942
2946.306	-0.883165
2946.356	-0.904221
2946.406	-0.953266
2946.456	-1.015075
2946.506	-1.073568
2946.556	-1.133748
2946.606	-1.184988
2946.656	-1.218962
2946.706	-1.225767
2946.756	-1.222838
2946.806	-1.209565
2946.856	-1.177865
2946.906	-1.141475
2946.956	-1.111285
2947.006	-1.08571
2947.056	-1.075072
2947.106	-1.089707
2947.156	-1.119355
2947.206	-1.154124
2947.256	-1.196776
2947.306	-1.240458
2947.356	-1.275414
2947.406	-1.296018
2947.456	-1.301763
2947.506	-1.274042
2947.556	-1.218806
2947.606	-1.137056
2947.656	-1.046456
2947.706	-0.956382
2947.756	-0.876425
2947.806	-0.814964
2947.856	-0.77418
2947.906	-0.75112
2947.956	-0.748194
2948.006	-0.759444
2948.056	-0.779653
2948.106	-0.80157
2948.156	-0.83228
2948.206	-0.863911
2948.256	-0.899638
2948.306	-0.919257
2948.356	-0.93017
2948.406	-0.921468
2948.456	-0.899203
2948.506	-0.864216
2948.556	-0.828617
2948.606	-0.799382
2948.656	-0.780689
2948.706	-0.778433
2948.756	-0.778509
2948.806	-0.80173
2948.856	-0.842376
2948.906	-0.895325
2948.956	-0.966448
2949.006	-1.035292
2949.056	-1.081251
2949.106	-1.097615
2949.156	-1.082812
2949.206	-1.036028
2949.256	-0.966375
2949.306	-0.878596
2949.356	-0.796717
2949.406	-0.734241
2949.456	-0.700574
2949.506	-0.700494
2949.556	-0.734406
2949.606	-0.787528
2949.656	-0.854978
2949.706	-0.927115
2949.756	-0.988364
2949.806	-1.029487
2949.856	-1.042467
2949.906	-1.037643
2949.956	-1.002507
2950.006	-0.946754
2950.056	-0.886066
2950.106	-0.832989
2950.156	-0.794136
2950.206	-0.760061
2950.256	-0.722967
2950.306	-0.707089
2950.356	-0.693941
2950.406	-0.686265
2950.456	-0.681391
2950.506	-0.668507
2950.556	-0.660277
2950.606	-0.650603
2950.656	-0.644887
2950.706	-0.641278
2950.756	-0.627931
2950.806	-0.609821
2950.856	-0.587126
2950.906	-0.551437
2950.956	-0.516198
2951.006	-0.492676
2951.056	-0.475007
2951.106	-0.467384
2951.156	-0.483885
2951.206	-0.512497
2951.256	-0.568494
2951.306	-0.643854
2951.356	-0.725519
2951.406	-0.806868
2951.456	-0.875723
2951.506	-0.921551
2951.556	-0.945523
2951.606	-0.940106
2951.656	-0.919112
2951.706	-0.882649
2951.756	-0.836048
2951.806	-0.785
2951.856	-0.757136
2951.906	-0.748858
2951.956	-0.749469
2952.006	-0.762778
2952.056	-0.759425
2952.106	-0.75539
2952.156	-0.732577
2952.206	-0.69827
2952.256	-0.661127
2952.306	-0.624679
2952.356	-0.586688
2952.406	-0.543174
2952.456	-0.512445
2952.506	-0.488275
2952.556	-0.468455
2952.606	-0.45456
2952.656	-0.451613
2952.706	-0.461217
2952.756	-0.487105
2952.806	-0.519027
2952.856	-0.556406
2952.906	-0.603248
2952.956	-0.64787
2953.006	-0.684104
2953.056	-0.712598
2953.106	-0.738433
2953.156	-0.75727
2953.206	-0.7647
2953.256	-0.743135
2953.306	-0.698934
2953.356	-0.641749
2953.406	-0.581996
2953.456	-0.528611
2953.506	-0.486526
2953.556	-0.471431
2953.606	-0.473952
2953.656	-0.49589
2953.706	-0.527918
2953.756	-0.566629
2953.806	-0.59738
2953.856	-0.615965
2953.906	-0.626059
2953.956	-0.626558
2954.006	-0.638684
2954.056	-0.667603
2954.106	-0.73142
2954.156	-0.831337
2954.206	-0.95481
2954.256	-1.089654
2954.306	-1.20444
2954.356	-1.278631
2954.406	-1.302759
2954.456	-1.267514
2954.506	-1.183797
2954.556	-1.077143
2954.606	-0.944023
2954.656	-0.822549
2954.706	-0.707221
2954.756	-0.615513
2954.806	-0.542899
2954.856	-0.488675
2954.906	-0.443451
2954.956	-0.410158
2955.006	-0.370727
2955.056	-0.309436
2955.106	-0.238789
2955.156	-0.153284
2955.206	-0.06817
2955.256	0.002432
2955.306	0.048787
2955.356	0.064071
2955.406	0.051145
2955.456	0.012369
2955.506	-0.059064
2955.556	-0.141737
2955.606	-0.218666
2955.656	-0.280262
2955.706	-0.31011
2955.756	-0.325631
2955.806	-0.307514
2955.856	-0.26472
2955.906	-0.213962
2955.956	-0.16188
2956.006	-0.119171
2956.056	-0.091588
2956.106	-0.110721
2956.156	-0.169407
2956.206	-0.255557
2956.256	-0.381105
2956.306	-0.530872
2956.356	-0.699974
2956.406	-0.872686
2956.456	-1.027529
2956.507	-1.150254
2956.557	-1.226345
2956.607	-1.254284
2956.657	-1.25308
2956.707	-1.223212
2956.757	-1.193161
2956.807	-1.164368
2956.857	-1.145236
2956.907	-1.136401
2956.957	-1.124339
2957.007	-1.103366
2957.057	-1.069706
2957.107	-1.012696
2957.157	-0.926605
2957.207	-0.817486
2957.257	-0.695053
2957.307	-0.556205
2957.357	-0.414063
2957.407	-0.295557
2957.457	-0.219036
2957.507	-0.194029
2957.557	-0.228674
2957.607	-0.313662
2957.657	-0.427294
2957.707	-0.572467
2957.757	-0.710411
2957.807	-0.839275
2957.857	-0.931481
2957.907	-0.986186
2957.957	-0.975831
2958.007	-0.899583
2958.057	-0.773052
2958.107	-0.60369
2958.157	-0.407559
2958.207	-0.215604
2958.257	-0.034117
2958.307	0.123181
2958.357	0.261505
2958.407	0.369311
2958.457	0.435616
2958.507	0.470345
2958.557	0.451138
2958.607	0.386148
2958.657	0.27212
2958.707	0.128568
2958.757	-0.027685
2958.807	-0.181786
2958.857	-0.334671
2958.907	-0.467367
2958.957	-0.583862
2959.007	-0.681216
2959.057	-0.77505
2959.107	-0.866841
2959.157	-0.961216
2959.207	-1.072277
2959.257	-1.196154
2959.307	-1.325001
2959.357	-1.454331
2959.407	-1.564053
2959.457	-1.653085
2959.507	-1.707499
2959.557	-1.730492
2959.607	-1.711484
2959.657	-1.65286
2959.707	-1.567536
2959.757	-1.438653
2959.807	-1.275219
2959.857	-1.097373
2959.907	-0.911851
2959.957	-0.730887
2960.007	-0.580241
2960.057	-0.462507
2960.107	-0.383066
2960.157	-0.347245
2960.207	-0.342434
2960.257	-0.359317
2960.307	-0.381569
2960.357	-0.38663
2960.407	-0.354857
2960.457	-0.284377
2960.507	-0.16917
2960.557	-0.020069
2960.607	0.13655
2960.657	0.27535
2960.707	0.378537
2960.757	0.406923
2960.807	0.3472
2960.857	0.193517
2960.907	-0.039754
2960.957	-0.327764
2961.007	-0.630102
2961.057	-0.928679
2961.107	-1.186007
2961.157	-1.398317
2961.207	-1.555992
2961.257	-1.663828
2961.307	-1.719327
2961.357	-1.737884
2961.407	-1.738094
2961.457	-1.73291
2961.507	-1.739993
2961.557	-1.759044
2961.607	-1.791061
2961.657	-1.84248
2961.707	-1.88405
2961.757	-1.904977
2961.807	-1.901401
2961.857	-1.857265
2961.907	-1.771788
2961.957	-1.617202
2962.007	-1.417265
2962.057	-1.168506
2962.107	-0.881557
2962.157	-0.588306
2962.207	-0.306855
2962.257	-0.06036
2962.307	0.125953
2962.357	0.237302
2962.407	0.277451
2962.457	0.244011
2962.507	0.150017
2962.557	0.003169
2962.607	-0.178105
2962.657	-0.376618
2962.707	-0.574454
2962.757	-0.74235
2962.807	-0.873637
2962.857	-0.962545
2962.907	-0.980751
2962.957	-0.951081
2963.007	-0.859986
2963.057	-0.720478
2963.107	-0.552663
2963.157	-0.380809
2963.207	-0.237553
2963.257	-0.142262
2963.307	-0.104551
2963.357	-0.137726
2963.407	-0.217934
2963.457	-0.339401
2963.507	-0.489337
2963.557	-0.63342
2963.607	-0.75518
2963.657	-0.834914
2963.707	-0.863419
2963.757	-0.83938
2963.807	-0.765053
2963.857	-0.662116
2963.907	-0.567472
2963.957	-0.492953
2964.007	-0.459854
2964.057	-0.472159
2964.107	-0.516088
2964.157	-0.594028
2964.207	-0.686741
2964.257	-0.802004
2964.307	-0.903439
2964.357	-0.974184
2964.407	-1.015003
2964.457	-1.013509
2964.507	-0.97013
2964.557	-0.900569
2964.607	-0.811481
2964.657	-0.706332
2964.707	-0.59725
2964.757	-0.514855
2964.807	-0.449992
2964.857	-0.415858
2964.907	-0.424187
2964.957	-0.456368
2965.007	-0.515084
2965.057	-0.584029
2965.107	-0.657652
2965.157	-0.726216
2965.207	-0.77765
2965.257	-0.805358
2965.307	-0.805602
2965.357	-0.762523
2965.407	-0.674133
2965.457	-0.561184
2965.507	-0.441541
2965.557	-0.322823
2965.607	-0.217116
2965.657	-0.147239
2965.707	-0.117053
2965.757	-0.118398
2965.807	-0.128941
2965.857	-0.149782
2965.907	-0.183005
2965.957	-0.217885
2966.007	-0.246085
2966.057	-0.254153
2966.107	-0.258582
2966.157	-0.26102
2966.207	-0.256411
2966.257	-0.260392
2966.307	-0.263821
2966.357	-0.273488
2966.407	-0.300765
2966.457	-0.334182
2966.507	-0.376157
2966.557	-0.42103
2966.607	-0.462228
2966.657	-0.491762
2966.707	-0.510994
2966.757	-0.50043
2966.807	-0.475827
2966.857	-0.432417
2966.907	-0.373388
2966.957	-0.297354
2967.007	-0.206348
2967.057	-0.118326
2967.107	-0.031844
2967.157	0.0422
2967.207	0.10481
2967.257	0.154802
2967.307	0.184498
2967.357	0.185049
2967.407	0.157061
2967.457	0.117049
2967.507	0.058028
2967.557	-0.006069
2967.607	-0.065615
2967.657	-0.110455
2967.707	-0.125576
2967.757	-0.113345
2967.807	-0.074533
2967.857	-0.025012
2967.907	0.032052
2967.957	0.092211
2968.007	0.126351
2968.057	0.141205
2968.107	0.124947
2968.157	0.090534
2968.207	0.025484
2968.257	-0.058689
2968.307	-0.144965
2968.357	-0.240244
2968.407	-0.317737
2968.457	-0.36665
2968.507	-0.384721
2968.557	-0.385381
2968.607	-0.366428
2968.657	-0.326242
2968.707	-0.276511
2968.757	-0.217511
2968.807	-0.157101
2968.857	-0.109776
2968.907	-0.065973
2968.957	-0.035896
2969.007	-0.025322
2969.057	-0.027084
2969.107	-0.03365
2969.157	-0.053261
2969.207	-0.067975
2969.257	-0.082102
2969.307	-0.07795
2969.357	-0.059151
2969.407	-0.022764
2969.457	0.031706
2969.507	0.097387
2969.557	0.163315
2969.607	0.220388
2969.657	0.254415
2969.707	0.272476
2969.757	0.259905
2969.807	0.227559
2969.857	0.184643
2969.907	0.127576
2969.957	0.067033
2970.007	0.017822
2970.057	-0.019627
2970.107	-0.034566
2970.157	-0.028976
2970.207	-0.010382
2970.257	0.01069
2970.307	0.041835
2970.357	0.061297
2970.407	0.072395
2970.457	0.066395
2970.507	0.047288
2970.557	0.003818
2970.607	-0.033957
2970.657	-0.083683
2970.707	-0.12451
2970.757	-0.151595
2970.807	-0.175614
2970.857	-0.177231
2970.907	-0.150713
2970.957	-0.111044
2971.007	-0.048822
2971.057	0.032796
2971.107	0.119744
2971.157	0.208783
2971.207	0.309205
2971.257	0.397236
2971.307	0.467707
2971.357	0.515423
2971.407	0.552566
2971.457	0.55741
2971.507	0.52834
2971.557	0.457217
2971.607	0.372504
2971.657	0.268913
2971.707	0.157715
2971.757	0.047144
2971.807	-0.055693
2971.857	-0.143981
2971.907	-0.220411
2971.957	-0.281469
2972.007	-0.319995
2972.057	-0.350407
2972.107	-0.39894
2972.157	-0.455627
2972.207	-0.519112
2972.257	-0.597392
2972.307	-0.676654
2972.357	-0.740799
2972.407	-0.783702
2972.457	-0.768747
2972.507	-0.696174
2972.557	-0.555753
2972.607	-0.344856
2972.657	-0.088289
2972.707	0.205316
2972.757	0.514906
2972.807	0.791224
2972.857	1.018676
2972.908	1.171853
2972.958	1.242167
2973.008	1.228598
2973.058	1.133079
2973.108	0.97702
2973.158	0.783297
2973.208	0.568548
2973.258	0.348617
2973.308	0.158161
2973.358	0.014751
2973.408	-0.057188
2973.458	-0.059399
2973.508	0.010177
2973.558	0.13265
2973.608	0.288225
2973.658	0.44353
2973.708	0.582681
2973.758	0.684074
2973.808	0.754586
2973.858	0.798615
2973.908	0.820037
2973.958	0.828879
2974.008	0.811614
2974.058	0.749166
2974.108	0.642496
2974.158	0.484312
2974.208	0.286115
2974.258	0.068113
2974.308	-0.129169
2974.358	-0.275463
2974.408	-0.349112
2974.458	-0.32022
2974.508	-0.176002
2974.558	0.04179
2974.608	0.283998
2974.658	0.497012
2974.708	0.598253
2974.758	0.538385
2974.808	0.298813
2974.858	-0.114251
2974.908	-0.670866
2974.958	-1.278055
2975.008	-1.845433
2975.058	-2.292799
2975.108	-2.541285
2975.158	-2.558746
2975.208	-2.374807
2975.258	-2.032054
2975.308	-1.60174
2975.358	-1.154487
2975.408	-0.727138
2975.458	-0.331588
2975.508	0.068573
2975.558	0.51589
2975.608	1.030197
2975.658	1.612391
2975.708	2.218145
2975.758	2.782175
2975.808	3.220518
2975.858	3.44168
2975.908	3.416375
2975.958	3.121825
2976.008	2.604455
2976.058	1.923141
2976.108	1.18388
2976.158	0.47583
2976.208	-0.130371
2976.258	-0.561521
2976.308	-0.817601
2976.358	-0.903546
2976.408	-0.850819
2976.458	-0.698167
2976.508	-0.496275
2976.558	-0.289768
2976.608	-0.137868
2976.658	-0.045911
2976.708	-0.028806
2976.758	-0.072419
2976.808	-0.152647
2976.858	-0.24215
2976.908	-0.317479
2976.958	-0.356956
2977.008	-0.354351
2977.058	-0.332473
2977.108	-0.279735
2977.158	-0.222633
2977.208	-0.153465
2977.258	-0.074022
2977.308	0.024383
2977.358	0.1489
2977.408	0.293791
2977.458	0.44933
2977.508	0.598281
2977.558	0.737181
2977.608	0.832008
2977.658	0.868446
2977.708	0.816131
2977.758	0.678006
2977.808	0.454193
2977.858	0.158056
2977.908	-0.164757
2977.958	-0.476627
2978.008	-0.748225
2978.058	-0.945523
2978.108	-1.038169
2978.158	-1.035098
2978.208	-0.919066
2978.258	-0.713768
2978.308	-0.450651
2978.358	-0.162252
2978.408	0.101869
2978.458	0.329361
2978.508	0.507075
2978.558	0.624626
2978.608	0.703475
2978.658	0.754165
2978.708	0.790304
2978.758	0.814358
2978.808	0.821566
2978.858	0.838561
2978.908	0.852022
2978.958	0.842382
2979.008	0.799844
2979.058	0.697742
2979.108	0.537446
2979.158	0.330203
2979.208	0.115809
2979.258	-0.065717
2979.308	-0.192605
2979.358	-0.251921
2979.408	-0.262046
2979.458	-0.239161
2979.508	-0.209706
2979.558	-0.195748
2979.608	-0.19155
2979.658	-0.205541
2979.708	-0.237138
2979.758	-0.266573
2979.808	-0.277324
2979.858	-0.267461
2979.908	-0.22314
2979.958	-0.159391
2980.008	-0.098469
2980.058	-0.050335
2980.108	-0.031202
2980.158	-0.030823
2980.208	-0.045424
2980.258	-0.078038
2980.308	-0.123714
2980.358	-0.170375
2980.408	-0.21332
2980.458	-0.252089
2980.508	-0.268245
2980.558	-0.258261
2980.608	-0.219424
2980.658	-0.148098
2980.708	-0.059845
2980.758	0.02975
2980.808	0.110552
2980.858	0.171833
2980.908	0.199453
2980.958	0.198514
2981.008	0.179406
2981.058	0.12475
2981.108	0.051272
2981.158	-0.017636
2981.208	-0.081258
2981.258	-0.121666
2981.308	-0.133159
2981.358	-0.122512
2981.408	-0.091723
2981.458	-0.063799
2981.508	-0.05379
2981.558	-0.065733
2981.608	-0.109352
2981.658	-0.181353
2981.708	-0.279067
2981.758	-0.394084
2981.808	-0.519975
2981.858	-0.649227
2981.908	-0.756625
2981.958	-0.836947
2982.008	-0.888362
2982.058	-0.893802
2982.108	-0.856564
2982.158	-0.781845
2982.208	-0.667573
2982.258	-0.512538
2982.308	-0.342884
2982.358	-0.184863
2982.408	-0.061127
2982.458	0.022841
2982.508	0.058461
2982.558	0.052954
2982.608	0.016214
2982.658	-0.060439
2982.708	-0.175729
2982.758	-0.317222
2982.808	-0.459197
2982.858	-0.590291
2982.908	-0.691413
2982.958	-0.737237
2983.008	-0.737346
2983.058	-0.701789
2983.108	-0.633971
2983.158	-0.555206
2983.208	-0.47119
2983.258	-0.387457
2983.308	-0.312903
2983.358	-0.268429
2983.408	-0.258568
2983.458	-0.283813
2983.508	-0.341035
2983.558	-0.416554
2983.608	-0.511403
2983.658	-0.612622
2983.708	-0.717827
2983.758	-0.803594
2983.808	-0.859761
2983.858	-0.882769
2983.908	-0.86528
2983.958	-0.817002
2984.008	-0.753382
2984.058	-0.672963
2984.108	-0.594228
2984.158	-0.511606
2984.208	-0.44076
2984.258	-0.381819
2984.308	-0.331025
2984.358	-0.304325
2984.408	-0.284053
2984.458	-0.253649
2984.508	-0.214231
2984.558	-0.160248
2984.608	-0.110397
2984.658	-0.050505
2984.708	0.005758
2984.758	0.049627
2984.808	0.063026
2984.858	0.052748
2984.908	-0.000566
2984.958	-0.101527
2985.008	-0.219121
2985.058	-0.357065
2985.108	-0.503273
2985.158	-0.637031
2985.208	-0.751934
2985.258	-0.848848
2985.308	-0.91513
2985.358	-0.953602
2985.408	-0.976335
2985.458	-0.982314
2985.508	-0.967529
2985.558	-0.93724
2985.608	-0.894247
2985.658	-0.829102
2985.708	-0.736666
2985.758	-0.640998
2985.808	-0.538122
2985.858	-0.452038
2985.908	-0.380181
2985.958	-0.335152
2986.008	-0.310495
2986.058	-0.295388
2986.108	-0.288136
2986.158	-0.288271
2986.208	-0.278539
2986.258	-0.250889
2986.308	-0.215999
2986.358	-0.1715
2986.408	-0.137263
2986.458	-0.129814
2986.508	-0.142764
2986.558	-0.183354
2986.608	-0.264131
2986.658	-0.372823
2986.708	-0.491004
2986.758	-0.628305
2986.808	-0.767169
2986.858	-0.890877
2986.908	-0.989379
2986.958	-1.068913
2987.008	-1.126768
2987.058	-1.163652
2987.108	-1.186409
2987.158	-1.175086
2987.208	-1.116835
2987.258	-1.00375
2987.308	-0.840672
2987.358	-0.628581
2987.408	-0.37809
2987.458	-0.120404
2987.508	0.113422
2987.558	0.295342
2987.608	0.384441
2987.658	0.355777
2987.708	0.234088
2987.758	0.048692
2987.808	-0.155643
2987.858	-0.336919
2987.908	-0.458935
2987.958	-0.515379
2988.008	-0.519403
2988.058	-0.49102
2988.108	-0.473194
2988.158	-0.495876
2988.208	-0.580632
2988.258	-0.702113
2988.308	-0.841294
2988.358	-0.950066
2988.408	-0.985579
2988.458	-0.945849
2988.508	-0.817953
2988.558	-0.652363
2988.608	-0.482291
2988.658	-0.35349
2988.708	-0.281458
2988.758	-0.284568
2988.808	-0.353386
2988.858	-0.448468
2988.908	-0.52212
2988.958	-0.55332
2989.008	-0.532237
2989.058	-0.459601
2989.108	-0.356929
2989.158	-0.262068
2989.208	-0.202052
2989.258	-0.183924
2989.309	-0.195414
2989.359	-0.235994
2989.409	-0.27294
2989.459	-0.306471
2989.509	-0.321472
2989.559	-0.306986
2989.609	-0.273517
2989.659	-0.241228
2989.709	-0.204161
2989.759	-0.181755
2989.809	-0.172901
2989.859	-0.174413
2989.909	-0.182624
2989.959	-0.18493
2990.009	-0.185747
2990.059	-0.195077
2990.109	-0.214127
2990.159	-0.255706
2990.209	-0.309481
2990.259	-0.3744
2990.309	-0.439017
2990.359	-0.485821
2990.409	-0.51869
2990.459	-0.531475
2990.509	-0.526278
2990.559	-0.507709
2990.609	-0.476121
2990.659	-0.440646
2990.709	-0.414912
2990.759	-0.394457
2990.809	-0.368799
2990.859	-0.324406
2990.909	-0.280165
2990.959	-0.225504
2991.009	-0.172828
2991.059	-0.140389
2991.109	-0.125692
2991.159	-0.136828
2991.209	-0.15617
2991.259	-0.180688
2991.309	-0.209591
2991.359	-0.234568
2991.409	-0.249647
2991.459	-0.253484
2991.509	-0.250989
2991.559	-0.253949
2991.609	-0.257701
2991.659	-0.262949
2991.709	-0.262873
2991.759	-0.247572
2991.809	-0.209727
2991.859	-0.161372
2991.909	-0.100004
2991.959	-0.033161
2992.009	0.029602
2992.059	0.083812
2992.109	0.128924
2992.159	0.167642
2992.209	0.195329
2992.259	0.204988
2992.309	0.210312
2992.359	0.224346
2992.409	0.245787
2992.459	0.269779
2992.509	0.285184
2992.559	0.281773
2992.609	0.26093
2992.659	0.212077
2992.709	0.130542
2992.759	0.011252
2992.809	-0.128877
2992.859	-0.270282
2992.909	-0.41078
2992.959	-0.533878
2993.009	-0.623015
2993.059	-0.669751
2993.109	-0.677353
2993.159	-0.63696
2993.209	-0.554167
2993.259	-0.457371
2993.309	-0.360126
2993.359	-0.27383
2993.409	-0.211881
2993.459	-0.177427
2993.509	-0.158691
2993.559	-0.152919
2993.609	-0.15387
2993.659	-0.145378
2993.709	-0.121722
2993.759	-0.079541
2993.809	-0.036545
2993.859	0.015511
2993.909	0.042836
2993.959	0.03737
2994.009	-0.008287
2994.059	-0.100142
2994.109	-0.225075
2994.159	-0.353866
2994.209	-0.485451
2994.259	-0.601785
2994.309	-0.706668
2994.359	-0.7813
2994.409	-0.807046
2994.459	-0.787735
2994.509	-0.727427
2994.559	-0.635792
2994.609	-0.508006
2994.659	-0.378551
2994.709	-0.261515
2994.759	-0.156748
2994.809	-0.071663
2994.859	-0.010372
2994.909	0.024157
2994.959	0.014067
2995.009	-0.01869
2995.059	-0.08877
2995.109	-0.18581
2995.159	-0.284359
2995.209	-0.373583
2995.259	-0.446478
2995.309	-0.490898
2995.359	-0.506054
2995.409	-0.49621
2995.459	-0.456375
2995.509	-0.400372
2995.559	-0.33355
2995.609	-0.267695
2995.659	-0.207998
2995.709	-0.162076
2995.759	-0.135611
2995.809	-0.116348
2995.859	-0.097075
2995.909	-0.077594
2995.959	-0.067273
2996.009	-0.06576
2996.059	-0.086467
2996.109	-0.112565
2996.159	-0.146849
2996.209	-0.191806
2996.259	-0.241083
2996.309	-0.292769
2996.359	-0.351639
2996.409	-0.408878
2996.459	-0.45386
2996.509	-0.493922
2996.559	-0.509629
2996.609	-0.510232
2996.659	-0.51246
2996.709	-0.513498
2996.759	-0.511876
2996.809	-0.50886
2996.859	-0.500509
2996.909	-0.483912
2996.959	-0.475204
2997.009	-0.472106
2997.059	-0.468131
2997.109	-0.47255
2997.159	-0.48824
2997.209	-0.503919
2997.259	-0.543161
2997.309	-0.595305
2997.359	-0.651972
2997.409	-0.70309
2997.459	-0.732488
2997.509	-0.734521
2997.559	-0.703226
2997.609	-0.649404
2997.659	-0.566823
2997.709	-0.461512
2997.759	-0.360269
2997.809	-0.288908
2997.859	-0.266324
2997.909	-0.298879
2997.959	-0.39689
2998.009	-0.52633
2998.059	-0.678497
2998.109	-0.817953
2998.159	-0.922117
2998.209	-0.978982
2998.259	-0.983801
2998.309	-0.933708
2998.359	-0.837557
2998.409	-0.706943
2998.459	-0.570267
2998.509	-0.469555
2998.559	-0.399482
2998.609	-0.357675
2998.659	-0.334438
2998.709	-0.312916
2998.759	-0.28412
2998.809	-0.250723
2998.859	-0.206386
2998.909	-0.159268
2998.959	-0.127559
2999.009	-0.105181
2999.059	-0.114806
2999.109	-0.153896
2999.159	-0.22958
2999.209	-0.337855
2999.259	-0.457475
2999.309	-0.589281
2999.359	-0.701389
2999.409	-0.794829
2999.459	-0.851693
2999.509	-0.876948
2999.559	-0.888731
2999.609	-0.884281
2999.659	-0.876272
2999.709	-0.850019
2999.759	-0.817622
2999.809	-0.783038
2999.859	-0.732264
2999.909	-0.663097
2999.959	-0.575823
3000.009	-0.480983
3000.059	-0.381498
3000.109	-0.303712
3000.159	-0.260619
3000.209	-0.261225
3000.259	-0.316129
3000.309	-0.407851
3000.359	-0.517411
3000.409	-0.61267
3000.459	-0.674408
3000.509	-0.688696
3000.559	-0.661726
3000.609	-0.594418
3000.659	-0.504111
3000.709	-0.416975
3000.759	-0.340092
3000.809	-0.279631
3000.859	-0.243201
3000.909	-0.223249
3000.959	-0.217116
3001.009	-0.207582
3001.059	-0.210273
3001.109	-0.225868
3001.159	-0.259676
3001.209	-0.315054
3001.259	-0.390196
3001.309	-0.485525
3001.359	-0.574959
3001.409	-0.661112
3001.459	-0.72606
3001.509	-0.74492
3001.559	-0.723014
3001.609	-0.671984
3001.659	-0.599586
3001.709	-0.51481
3001.759	-0.433935
3001.809	-0.364074
3001.859	-0.32345
3001.909	-0.295788
3001.959	-0.278603
3002.009	-0.28581
3002.059	-0.311307
3002.109	-0.347839
3002.159	-0.370841
3002.209	-0.402049
3002.259	-0.412819
3002.309	-0.406068
3002.359	-0.394774
3002.409	-0.355909
3002.459	-0.304364
3002.509	-0.243658
3002.559	-0.180378
3002.609	-0.128509
3002.659	-0.100167
3002.709	-0.095318
3002.759	-0.099263
3002.809	-0.111041
3002.859	-0.138212
3002.909	-0.1668
3002.959	-0.193745
3003.009	-0.211088
3003.059	-0.215398
3003.109	-0.207544
3003.159	-0.181746
3003.209	-0.140811
3003.259	-0.080372
3003.309	-0.023484
3003.359	0.036298
3003.409	0.093603
3003.459	0.141755
3003.509	0.177908
3003.559	0.205046
3003.609	0.221366
3003.659	0.222965
3003.709	0.214357
3003.759	0.204039
3003.809	0.186636
3003.859	0.162546
3003.909	0.150131
3003.959	0.138507
3004.009	0.119641
3004.059	0.095567
3004.109	0.06891
3004.159	0.03246
3004.209	0.008768
3004.259	-0.014004
3004.309	-0.026731
3004.359	-0.026972
3004.409	-0.009572
3004.459	0.022763
3004.509	0.067938
3004.559	0.106962
3004.609	0.1403
3004.659	0.167461
3004.709	0.176114
3004.759	0.181076
3004.809	0.162017
3004.859	0.14736
3004.909	0.143125
3004.959	0.138718
3005.009	0.143611
3005.059	0.159743
3005.109	0.163106
3005.159	0.160397
3005.209	0.155641
3005.259	0.145729
3005.309	0.115743
3005.359	0.071221
3005.409	0.019601
3005.459	-0.03194
3005.509	-0.075971
3005.559	-0.118204
3005.609	-0.142793
3005.66	-0.147999
3005.71	-0.133478
3005.76	-0.101942
3005.81	-0.05146
3005.86	0.022105
3005.91	0.097738
3005.96	0.180366
3006.01	0.247102
3006.06	0.294454
3006.11	0.319507
3006.16	0.327692
3006.21	0.316888
3006.26	0.290683
3006.31	0.254759
3006.36	0.21855
3006.41	0.192646
3006.46	0.18046
3006.51	0.184708
3006.56	0.197875
3006.61	0.22175
3006.66	0.253553
3006.71	0.285256
3006.76	0.315472
3006.81	0.344968
3006.86	0.360838
3006.91	0.366807
3006.96	0.35234
3007.01	0.325912
3007.06	0.30785
3007.11	0.290821
3007.16	0.27938
3007.21	0.284513
3007.26	0.305315
3007.31	0.332405
3007.36	0.371714
3007.41	0.41684
3007.46	0.464804
3007.51	0.497586
3007.56	0.519834
3007.61	0.529103
3007.66	0.524848
3007.71	0.515827
3007.76	0.504128
3007.81	0.491808
3007.86	0.479102
3007.91	0.465282
3007.96	0.464622
3008.01	0.471241
3008.06	0.487312
3008.11	0.512206
3008.16	0.542827
3008.21	0.575006
3008.26	0.610165
3008.31	0.640386
3008.36	0.659292
3008.41	0.6686
3008.46	0.667627
3008.51	0.661782
3008.56	0.646686
3008.61	0.613071
3008.66	0.575036
3008.71	0.529676
3008.76	0.476513
3008.81	0.437546
3008.86	0.414175
3008.91	0.40376
3008.96	0.408658
3009.01	0.428243
3009.06	0.453928
3009.11	0.488903
3009.16	0.518511
3009.21	0.550689
3009.26	0.569218
3009.31	0.557671
3009.36	0.513365
3009.41	0.460147
3009.46	0.391151
3009.51	0.326542
3009.56	0.280592
3009.61	0.257131
3009.66	0.260433
3009.71	0.284944
3009.76	0.329679
3009.81	0.389653
3009.86	0.462165
3009.91	0.524121
3009.96	0.573675
3010.01	0.613906
3010.06	0.639775
3010.11	0.657898
3010.16	0.670323
3010.21	0.68847
3010.26	0.713243
3010.31	0.731553
3010.36	0.745533
3010.41	0.75268
3010.46	0.743652
3010.51	0.718216
3010.56	0.67799
3010.61	0.627587
3010.66	0.573817
3010.71	0.521321
3010.76	0.481981
3010.81	0.45545
3010.86	0.441026
3010.91	0.439613
3010.96	0.456816
3011.01	0.471146
3011.06	0.481647
3011.11	0.478703
3011.16	0.466699
3011.21	0.444459
3011.26	0.438117
3011.31	0.426793
3011.36	0.426734
3011.41	0.441234
3011.46	0.479051
3011.51	0.527789
3011.56	0.601409
3011.61	0.686352
3011.66	0.776581
3011.71	0.859834
3011.76	0.94248
3011.81	1.011162
3011.86	1.069193
3011.91	1.122001
3011.96	1.167922
3012.01	1.205264
3012.06	1.236769
3012.11	1.253569
3012.16	1.257095
3012.21	1.243854
3012.26	1.205772
3012.31	1.150627
3012.36	1.056668
3012.41	0.944034
3012.46	0.822301
3012.51	0.706906
3012.56	0.604595
3012.61	0.518424
3012.66	0.460673
3012.71	0.42575
3012.76	0.393615
3012.81	0.363981
3012.86	0.344723
3012.91	0.328107
3012.96	0.323965
3013.01	0.326207
3013.06	0.334995
3013.11	0.357423
3013.16	0.392222
3013.21	0.436196
3013.26	0.477081
3013.31	0.514374
3013.36	0.553444
3013.41	0.579135
3013.46	0.602737
3013.51	0.624387
3013.56	0.652865
3013.61	0.690465
3013.66	0.738659
3013.71	0.794962
3013.76	0.862146
3013.81	0.934377
3013.86	0.998701
3013.91	1.064138
3013.96	1.128619
3014.01	1.173017
3014.06	1.205897
3014.11	1.222058
3014.16	1.220536
3014.21	1.204994
3014.26	1.168962
3014.31	1.109602
3014.36	1.053217
3014.41	0.994115
3014.46	0.941259
3014.51	0.908176
3014.56	0.880934
3014.61	0.860354
3014.66	0.862564
3014.71	0.875319
3014.76	0.894183
3014.81	0.914936
3014.86	0.942898
3014.91	0.966033
3014.96	0.977878
3015.01	0.978386
3015.06	0.964175
3015.11	0.946842
3015.16	0.924831
3015.21	0.886209
3015.26	0.844313
3015.31	0.793077
3015.36	0.748734
3015.41	0.71981
3015.46	0.703253
3015.51	0.695536
3015.56	0.706289
3015.61	0.727958
3015.66	0.758602
3015.71	0.798944
3015.76	0.837723
3015.81	0.87051
3015.86	0.889517
3015.91	0.898875
3015.96	0.88501
3016.01	0.852283
3016.06	0.815792
3016.11	0.772533
3016.16	0.72588
3016.21	0.685318
3016.26	0.660951
3016.31	0.654961
3016.36	0.66485
3016.41	0.688389
3016.46	0.720188
3016.51	0.768763
3016.56	0.822683
3016.61	0.861785
3016.66	0.890108
3016.71	0.915263
3016.76	0.923497
3016.81	0.916746
3016.86	0.894189
3016.91	0.869789
3016.96	0.838686
3017.01	0.810153
3017.06	0.789488
3017.11	0.777595
3017.16	0.771635
3017.21	0.778774
3017.26	0.78464
3017.31	0.786237
3017.36	0.786593
3017.41	0.777059
3017.46	0.756815
3017.51	0.724863
3017.56	0.685136
3017.61	0.647663
3017.66	0.61541
3017.71	0.588379
3017.76	0.574121
3017.81	0.596304
3017.86	0.624599
3017.91	0.663224
3017.96	0.722887
3018.01	0.787995
3018.06	0.848496
3018.11	0.912458
3018.16	0.964473
3018.21	0.99754
3018.26	1.020089
3018.31	1.036921
3018.36	1.048115
3018.41	1.038199
3018.46	1.030397
3018.51	1.034613
3018.56	1.042478
3018.61	1.04796
3018.66	1.04847
3018.71	1.045711
3018.76	1.027802
3018.81	0.990529
3018.86	0.940856
3018.91	0.876546
3018.96	0.817457
3019.01	0.751714
3019.06	0.672032
3019.11	0.600679
3019.16	0.538422
3019.21	0.489345
3019.26	0.45837
3019.31	0.441579
3019.36	0.44431
3019.41	0.45735
3019.46	0.477147
3019.51	0.505664
3019.56	0.529136
3019.61	0.552671
3019.66	0.582033
3019.71	0.600616
3019.76	0.619029
3019.81	0.629224
3019.86	0.639206
3019.91	0.645727
3019.96	0.64756
3020.01	0.642342
3020.06	0.634581
3020.11	0.621153
3020.16	0.608421
3020.21	0.595484
3020.26	0.583203
3020.31	0.575889
3020.36	0.553632
3020.41	0.5273
3020.46	0.518993
3020.51	0.510585
3020.56	0.491223
3020.61	0.460281
3020.66	0.428863
3020.71	0.393248
3020.76	0.356968
3020.81	0.328486
3020.86	0.298561
3020.91	0.273999
3020.96	0.266992
3021.01	0.277894
3021.06	0.291572
3021.11	0.310667
3021.16	0.335725
3021.21	0.363077
3021.26	0.39884
3021.31	0.423034
3021.36	0.44402
3021.41	0.463919
3021.46	0.482606
3021.51	0.500387
3021.56	0.511637
3021.61	0.514922
3021.66	0.51515
3021.71	0.510045
3021.76	0.503106
3021.81	0.484636
3021.86	0.456027
3021.91	0.418877
3021.96	0.381619
3022.01	0.338387
3022.061	0.291367
3022.111	0.245412
3022.161	0.219328
3022.211	0.212629
3022.261	0.209161
3022.311	0.21327
3022.361	0.221626
3022.411	0.231678
3022.461	0.231785
3022.511	0.22767
3022.561	0.23001
3022.611	0.230943
3022.661	0.234207
3022.711	0.241228
3022.761	0.250361
3022.811	0.264089
3022.861	0.279855
3022.911	0.298748
3022.961	0.311948
3023.011	0.320169
3023.061	0.321759
3023.111	0.325855
3023.161	0.322748
3023.211	0.319654
3023.261	0.31734
3023.311	0.309145
3023.361	0.299875
3023.411	0.295448
3023.461	0.289729
3023.511	0.283362
3023.561	0.277064
3023.611	0.271295
3023.661	0.273003
3023.711	0.257335
3023.761	0.23271
3023.811	0.204826
3023.861	0.169617
3023.911	0.128281
3023.961	0.082595
3024.011	0.042041
3024.061	0.021054
3024.111	0.005329
3024.161	0.002592
3024.211	0.011092
3024.261	0.026807
3024.311	0.042761
3024.361	0.060981
3024.411	0.08488
3024.461	0.10461
3024.511	0.117126
3024.561	0.127595
3024.611	0.140464
3024.661	0.154906
3024.711	0.159884
3024.761	0.157287
3024.811	0.155697
3024.861	0.158206
3024.911	0.15883
3024.961	0.15716
3025.011	0.153501
3025.061	0.146573
3025.111	0.147413
3025.161	0.143104
3025.211	0.148759
3025.261	0.156898
3025.311	0.156084
3025.361	0.15555
3025.411	0.152423
3025.461	0.141606
3025.511	0.124648
3025.561	0.11179
3025.611	0.076715
3025.661	0.047308
3025.711	0.029625
3025.761	0.005873
3025.811	-0.00913
3025.861	-0.016381
3025.911	-0.024279
3025.961	-0.029651
3026.011	-0.027349
3026.061	-0.024255
3026.111	-0.026953
3026.161	-0.027269
3026.211	-0.034683
3026.261	-0.045302
3026.311	-0.056588
3026.361	-0.069697
3026.411	-0.088814
3026.461	-0.096622
3026.511	-0.097707
3026.561	-0.095063
3026.611	-0.080053
3026.661	-0.049102
3026.711	-0.017782
3026.761	0.015333
3026.811	0.043489
3026.861	0.060399
3026.911	0.068124
3026.961	0.0774
3027.011	0.08636
3027.061	0.087514
3027.111	0.092033
3027.161	0.099088
3027.211	0.105642
3027.261	0.113349
3027.311	0.129576
3027.361	0.142837
3027.411	0.15067
3027.461	0.151786
3027.511	0.144987
3027.561	0.129421
3027.611	0.1221
3027.661	0.109118
3027.711	0.090699
3027.761	0.066717
3027.811	0.045275
3027.861	0.021947
3027.911	0.001629
3027.961	-0.008679
3028.011	-0.01287
3028.061	-0.015698
3028.111	-0.016856
3028.161	-0.010189
3028.211	0.005718
3028.261	0.034196
3028.311	0.083687
3028.361	0.152084
3028.411	0.250499
3028.461	0.362501
3028.511	0.48972
3028.561	0.614466
3028.611	0.734336
3028.661	0.828726
3028.711	0.883427
3028.761	0.887698
3028.811	0.835319
3028.861	0.724892
3028.911	0.569
3028.961	0.369956
3029.011	0.148607
3029.061	-0.086338
3029.111	-0.308996
3029.161	-0.515408
3029.211	-0.674363
3029.261	-0.792286
3029.311	-0.850959
3029.361	-0.844737
3029.411	-0.786855
3029.461	-0.671577
3029.511	-0.50438
3029.561	-0.31731
3029.611	-0.107036
3029.661	0.10288
3029.711	0.307072
3029.761	0.48787
3029.811	0.654078
3029.861	0.798169
3029.911	0.918425
3029.961	1.018327
3030.011	1.090297
3030.061	1.139042
3030.111	1.16425
3030.161	1.153942
3030.211	1.113623
3030.261	1.041501
3030.311	0.935785
3030.361	0.794368
3030.411	0.62708
3030.461	0.445493
3030.511	0.257903
3030.561	0.078724
3030.611	-0.08354
3030.661	-0.21027
3030.711	-0.30398
3030.761	-0.360622
3030.811	-0.372698
3030.861	-0.359608
3030.911	-0.324609
3030.961	-0.283032
3031.011	-0.249709
3031.061	-0.209452
3031.111	-0.184196
3031.161	-0.162756
3031.211	-0.143775
3031.261	-0.117474
3031.311	-0.091095
3031.361	-0.058505
3031.411	-0.015823
3031.461	0.02666
3031.511	0.061335
3031.561	0.093393
3031.611	0.121879
3031.661	0.129362
3031.711	0.113921
3031.761	0.088472
3031.811	0.055707
3031.861	0.01057
3031.911	-0.031798
3031.961	-0.068292
3032.011	-0.109625
3032.061	-0.145118
3032.111	-0.187187
3032.161	-0.216697
3032.211	-0.248443
3032.261	-0.259541
3032.311	-0.261844
3032.361	-0.259593
3032.411	-0.243733
3032.461	-0.217079
3032.511	-0.18531
3032.561	-0.153575
3032.611	-0.120093
3032.661	-0.078459
3032.711	-0.038478
3032.761	0.005719
3032.811	0.055344
3032.861	0.107339
3032.911	0.148895
3032.961	0.187376
3033.011	0.218736
3033.061	0.237354
3033.111	0.236828
3033.161	0.211553
3033.211	0.161388
3033.261	0.089081
3033.311	0.001853
3033.361	-0.091306
3033.411	-0.182491
3033.461	-0.265212
3033.511	-0.338038
3033.561	-0.393538
3033.611	-0.420028
3033.661	-0.420823
3033.711	-0.401161
3033.761	-0.359034
3033.811	-0.29599
3033.861	-0.22949
3033.911	-0.163507
3033.961	-0.102719
3034.011	-0.058674
3034.061	-0.023554
3034.111	0.001383
3034.161	0.006735
3034.211	-0.00537
3034.261	-0.015941
3034.311	-0.023589
3034.361	-0.025163
3034.411	-0.031039
3034.461	-0.033088
3034.511	-0.02706
3034.561	-0.016687
3034.611	-0.01812
3034.661	-0.031214
3034.711	-0.041022
3034.761	-0.055474
3034.811	-0.08454
3034.861	-0.126056
3034.911	-0.178366
3034.961	-0.234303
3035.011	-0.28805
3035.061	-0.349538
3035.111	-0.399726
3035.161	-0.432379
3035.211	-0.447568
3035.261	-0.449515
3035.311	-0.456398
3035.361	-0.452423
3035.411	-0.449749
3035.461	-0.453016
3035.511	-0.458114
3035.561	-0.467847
3035.611	-0.481818
3035.661	-0.504639
3035.711	-0.527683
3035.761	-0.546701
3035.811	-0.556129
3035.861	-0.54998
3035.911	-0.531502
3035.961	-0.492649
3036.011	-0.432423
3036.061	-0.357
3036.111	-0.274481
3036.161	-0.179219
3036.211	-0.089275
3036.261	-0.012958
3036.311	0.042158
3036.361	0.079335
3036.411	0.090726
3036.461	0.072148
3036.511	0.023283
3036.561	-0.034339
3036.611	-0.098515
3036.661	-0.170813
3036.711	-0.243277
3036.761	-0.319903
3036.811	-0.390145
3036.861	-0.457498
3036.911	-0.525529
3036.961	-0.579696
3037.011	-0.635887
3037.061	-0.691438
3037.111	-0.743178
3037.161	-0.78779
3037.211	-0.828213
3037.261	-0.849087
3037.311	-0.856937
3037.361	-0.855302
3037.411	-0.834301
3037.461	-0.788351
3037.511	-0.726725
3037.561	-0.651305
3037.611	-0.558224
3037.661	-0.46367
3037.711	-0.366849
3037.761	-0.278992
3037.811	-0.204952
3037.861	-0.14779
3037.911	-0.117723
3037.961	-0.105347
3038.011	-0.109314
3038.061	-0.117696
3038.111	-0.142496
3038.161	-0.177336
3038.211	-0.211705
3038.261	-0.232469
3038.311	-0.243347
3038.361	-0.249809
3038.411	-0.254676
3038.462	-0.255103
3038.512	-0.256891
3038.562	-0.266832
3038.612	-0.285346
3038.662	-0.305405
3038.712	-0.322121
3038.762	-0.347065
3038.812	-0.380019
3038.862	-0.426424
3038.912	-0.48148
3038.962	-0.532468
3039.012	-0.585246
3039.062	-0.630679
3039.112	-0.674779
3039.162	-0.713415
3039.212	-0.743268
3039.262	-0.763394
3039.312	-0.76879
3039.362	-0.761426
3039.412	-0.74286
3039.462	-0.724566
3039.512	-0.70116
3039.562	-0.681712
3039.612	-0.656797
3039.662	-0.630411
3039.712	-0.602533
3039.762	-0.577686
3039.812	-0.552203
3039.862	-0.525287
3039.912	-0.501738
3039.962	-0.48086
3040.012	-0.457375
3040.062	-0.435574
3040.112	-0.417552
3040.162	-0.395656
3040.212	-0.386765
3040.262	-0.390153
3040.312	-0.393098
3040.362	-0.399194
3040.412	-0.423131
3040.462	-0.445964
3040.512	-0.467816
3040.562	-0.484295
3040.612	-0.496706
3040.662	-0.514671
3040.712	-0.533858
3040.762	-0.552884
3040.812	-0.564177
3040.862	-0.580836
3040.912	-0.608061
3040.962	-0.644478
3041.012	-0.678999
3041.062	-0.717679
3041.112	-0.762285
3041.162	-0.797645
3041.212	-0.829944
3041.262	-0.855337
3041.312	-0.862754
3041.362	-0.854121
3041.412	-0.830125
3041.462	-0.790557
3041.512	-0.736818
3041.562	-0.680977
3041.612	-0.610424
3041.662	-0.527333
3041.712	-0.4421
3041.762	-0.359926
3041.812	-0.278544
3041.862	-0.204545
3041.912	-0.156456
3041.962	-0.118635
3042.012	-0.098575
3042.062	-0.095097
3042.112	-0.100887
3042.162	-0.115814
3042.212	-0.128959
3042.262	-0.149814
3042.312	-0.170426
3042.362	-0.179325
3042.412	-0.186377
3042.462	-0.192092
3042.512	-0.199537
3042.562	-0.212416
3042.612	-0.241782
3042.662	-0.285361
3042.712	-0.333567
3042.762	-0.391891
3042.812	-0.448963
3042.862	-0.495998
3042.912	-0.531478
3042.962	-0.545896
3043.012	-0.538372
3043.062	-0.522507
3043.112	-0.498118
3043.162	-0.46236
3043.212	-0.427793
3043.262	-0.399626
3043.312	-0.37946
3043.362	-0.379639
3043.412	-0.384989
3043.462	-0.395906
3043.512	-0.407988
3043.562	-0.422263
3043.612	-0.430727
3043.662	-0.43241
3043.712	-0.43137
3043.762	-0.418478
3043.812	-0.417841
3043.862	-0.407823
3043.912	-0.403611
3043.962	-0.398049
3044.012	-0.397086
3044.062	-0.410439
3044.112	-0.420387
3044.162	-0.434097
3044.212	-0.4517
3044.262	-0.476621
3044.312	-0.498971
3044.362	-0.506677
3044.412	-0.516025
3044.462	-0.522286
3044.512	-0.524936
3044.562	-0.52031
3044.612	-0.506645
3044.662	-0.493727
3044.712	-0.481882
3044.762	-0.473259
3044.812	-0.467311
3044.862	-0.45659
3044.912	-0.452629
3044.962	-0.45192
3045.012	-0.450276
3045.062	-0.454478
3045.112	-0.465205
3045.162	-0.476865
3045.212	-0.489973
3045.262	-0.506918
3045.312	-0.519801
3045.362	-0.528584
3045.412	-0.530678
3045.462	-0.513487
3045.512	-0.492873
3045.562	-0.478898
3045.612	-0.455144
3045.662	-0.432272
3045.712	-0.410416
3045.762	-0.386533
3045.812	-0.37432
3045.862	-0.359134
3045.912	-0.353938
3045.962	-0.341559
3046.012	-0.326164
3046.062	-0.313786
3046.112	-0.303678
3046.162	-0.289209
3046.212	-0.268296
3046.262	-0.249147
3046.312	-0.234953
3046.362	-0.227302
3046.412	-0.218373
3046.462	-0.22011
3046.512	-0.218569
3046.562	-0.221477
3046.612	-0.225451
3046.662	-0.221832
3046.712	-0.222151
3046.762	-0.221083
3046.812	-0.216982
3046.862	-0.216008
3046.912	-0.224649
3046.962	-0.237389
3047.012	-0.244447
3047.062	-0.255857
3047.112	-0.26108
3047.162	-0.264179
3047.212	-0.26539
3047.262	-0.261028
3047.312	-0.254448
3047.362	-0.243164
3047.412	-0.226032
3047.462	-0.2085
3047.512	-0.198023
3047.562	-0.194155
3047.612	-0.191814
3047.662	-0.198223
3047.712	-0.211151
3047.762	-0.234133
3047.812	-0.267721
3047.862	-0.299536
3047.912	-0.319242
3047.962	-0.342483
3048.012	-0.356345
3048.062	-0.378074
3048.112	-0.389286
3048.162	-0.406664
3048.212	-0.425993
3048.262	-0.454833
3048.312	-0.48839
3048.362	-0.527375
3048.412	-0.562165
3048.462	-0.601753
3048.512	-0.64607
3048.562	-0.679867
3048.612	-0.698588
3048.662	-0.713778
3048.712	-0.708112
3048.762	-0.694697
3048.812	-0.675047
3048.862	-0.641424
3048.912	-0.600307
3048.962	-0.549225
3049.012	-0.499272
3049.062	-0.440004
3049.112	-0.382338
3049.162	-0.32336
3049.212	-0.251511
3049.262	-0.182159
3049.312	-0.123631
3049.362	-0.075014
3049.412	-0.038447
3049.462	-0.020212
3049.512	-0.012018
3049.562	-0.021389
3049.612	-0.052712
3049.662	-0.09855
3049.712	-0.156309
3049.762	-0.219794
3049.812	-0.290326
3049.862	-0.36318
3049.912	-0.424632
3049.962	-0.474941
3050.012	-0.504857