2980.	-0.006891
2980.05	-0.018086
2980.1	-0.01015
2980.15	0.004688
2980.2	0.002827
2980.25	0.00078
2980.3	0.005845
2980.35	0.008118
2980.4	0.014137
2980.45	0.002624
2980.5	0.000415
2980.55	0.006899
2980.6	0.001141
2980.65	0.004554
2980.7	0.006661
2980.75	-0.005016
2980.8	-0.000556
2980.85	-0.004255
2980.9	-0.003737
2980.95	-0.009998
2981.	-0.014408
2981.05	-0.020566
2981.1	-0.015231
2981.15	-0.009739
2981.2	0.00578
2981.25	0.024596
2981.3	0.042068
2981.35	0.057673
2981.4	0.067665
2981.45	0.083388
2981.5	0.087596
2981.55	0.06894
2981.6	0.041395
2981.65	0.030569
2981.7	0.008863
2981.75	-0.013089
2981.8	-0.013301
2981.85	-0.016722
2981.9	-0.013278
2981.95	-0.010161
2982.	0.009855
2982.05	0.008215
2982.1	0.013381
2982.15	0.021449
2982.2	0.018821
2982.25	0.006157
2982.3	-0.003851
2982.35	-0.0078
2982.4	0.001615
2982.45	0.006972
2982.5	-0.010118
2982.55	-0.015509
2982.6	-0.013924
2982.65	-0.007354
2982.7	0.010482
2982.75	0.002836
2982.8	0.009947
2982.85	0.021387
2982.9	0.032347
2982.95	0.039745
2983.	0.042813
2983.05	0.04289
2983.1	0.030687
2983.15	0.015178
2983.2	0.006983
2983.25	0.005879
2983.3	0.001477
2983.35	0.006975
2983.4	0.004047
2983.45	0.001566
2983.5	-0.00489
2983.55	-0.006398
2983.6	-0.002853
2983.65	-0.007137
2983.7	-0.003033
2983.75	-0.020887
2983.8	-0.019945
2983.85	-0.013621
2983.9	-0.018453
2983.95	-0.02448
2984.	-0.021862
2984.05	-0.018328
2984.1	-0.020819
2984.15	-0.017372
2984.2	-0.016352
2984.25	-0.021936
2984.3	-0.02444
2984.35	-0.022227
2984.4	-0.024399
2984.45	-0.026811
2984.5	-0.024115
2984.55	-0.016229
2984.6	-0.021676
2984.65	-0.031492
2984.7	-0.027316
2984.75	-0.012647
2984.8	-0.010928
2984.85	-0.01389
2984.9	-0.00823
2984.95	-0.016545
2985.	-0.019182
2985.05	-0.011773
2985.1	-0.017071
2985.15	-0.025075
2985.2	-0.024112
2985.25	-0.019377
2985.3	-0.022465
2985.35	-0.017484
2985.4	-0.012962
2985.45	-0.015202
2985.5	-0.008293
2985.55	-0.01015
2985.6	-0.010855
2985.65	-0.014385
2985.7	-0.009303
2985.75	-0.004174
2985.8	-0.002451
2985.85	-0.01142
2985.9	-0.004097
2985.95	0.000725
2986.	-0.006445
2986.05	-0.013068
2986.1	0.007408
2986.15	0.023565
2986.2	0.025036
2986.25	0.021094
2986.3	0.031437
2986.35	0.033015
2986.4	0.027558
2986.45	0.021972
2986.5	0.015169
2986.55	-0.001168
2986.6	-0.00591
2986.65	-0.014814
2986.7	-0.009397
2986.75	-0.003489
2986.8	-0.00714
2986.85	0.011912
2986.9	0.027954
2986.95	0.0273
2987.	0.025938
2987.05	0.030198
2987.1	0.020667
2987.15	0.020352
2987.2	0.02912
2987.25	0.031187
2987.3	0.012377
2987.35	0.011924
2987.4	0.023127
2987.45	0.028283
2987.5	0.034127
2987.55	0.035238
2987.6	0.044073
2987.65	0.055053
2987.7	0.05694
2987.75	0.066505
2987.8	0.072548
2987.85	0.074822
2987.9	0.070625
2987.95	0.081598
2988.	0.076499
2988.05	0.07766
2988.1	0.079791
2988.15	0.080028
2988.201	0.083415
2988.251	0.092366
2988.301	0.090766
2988.351	0.083293
2988.401	0.083099
2988.451	0.076953
2988.501	0.084498
2988.551	0.066391
2988.601	0.038033
2988.651	-0.008701
2988.701	-0.064099
2988.751	-0.140719
2988.801	-0.254258
2988.851	-0.41249
2988.901	-0.648847
2988.951	-0.996821
2989.001	-1.529109
2989.051	-2.317797
2989.101	-3.396878
2989.151	-4.78746
2989.201	-6.407737
2989.251	-8.03082
2989.301	-9.181848
2989.351	-9.268649
2989.401	-7.591554
2989.451	-3.621393
2989.501	2.731992
2989.551	10.796998
2989.601	19.094286
2989.651	25.5891
2989.701	28.336224
2989.751	26.312749
2989.801	19.881071
2989.851	10.750977
2989.901	1.201616
2989.951	-6.865265
2990.001	-12.532213
2990.051	-15.69315
2990.101	-16.546681
2990.151	-15.247755
2990.201	-12.072981
2990.251	-7.70843
2990.301	-3.297023
2990.351	0.079887
2990.401	1.975921
2990.451	2.536807
2990.501	2.164672
2990.551	1.14129
2990.601	-0.306058
2990.651	-1.850419
2990.701	-3.086675
2990.751	-3.696459
2990.801	-3.691048
2990.851	-3.136681
2990.901	-2.138854
2990.951	-0.886335
2991.001	0.337259
2991.051	1.244588
2991.101	1.701718
2991.151	1.752503
2991.201	1.498842
2991.251	1.067653
2991.301	0.593393
2991.351	0.195459
2991.401	-0.049797
2991.451	-0.108752
2991.501	-0.006798
2991.551	0.206231
2991.601	0.4706
2991.651	0.708724
2991.701	0.881575
2991.751	0.961365
2991.801	0.975905
2991.851	0.971832
2991.901	0.927233
2991.951	0.839294
2992.001	0.725399
2992.051	0.587254
2992.101	0.452386
2992.151	0.302708
2992.201	0.165891
2992.251	0.079812
2992.301	0.035605
2992.351	0.060315
2992.401	0.11082
2992.451	0.165131
2992.501	0.229122
2992.551	0.310693
2992.601	0.374191
2992.651	0.43741
2992.701	0.467737
2992.751	0.463634
2992.801	0.443208
2992.851	0.361279
2992.901	0.22353
2992.951	0.029068
2993.001	-0.168141
2993.051	-0.343011
2993.101	-0.447583
2993.151	-0.506211
2993.201	-0.530441
2993.251	-0.496553
2993.301	-0.433134
2993.351	-0.369609
2993.401	-0.285801
2993.451	-0.223388
2993.501	-0.161021
2993.551	-0.120354
2993.601	-0.06953
2993.651	-0.040382
2993.701	-0.033282
2993.751	-0.030168
2993.801	-0.007697
2993.851	0.016874
2993.901	0.053072
2993.951	0.085428
2994.001	0.112879
2994.051	0.138303
2994.101	0.161766
2994.151	0.148263
2994.201	0.108436
2994.251	0.06564
2994.301	0.012745
2994.351	-0.037072
2994.401	-0.094039
2994.451	-0.133897
2994.501	-0.173554
2994.551	-0.199391
2994.601	-0.222299
2994.651	-0.238336
2994.701	-0.245331
2994.751	-0.190467
2994.801	-0.078679
2994.851	0.067661
2994.901	0.24735
2994.951	0.40557
2995.001	0.530113
2995.051	0.597057
2995.101	0.566879
2995.151	0.474571
2995.201	0.351763
2995.251	0.204542
2995.301	0.068557
2995.351	-0.053583
2995.401	-0.141218
2995.451	-0.208155
2995.501	-0.27152
2995.551	-0.299588
2995.601	-0.321369
2995.651	-0.331723
2995.701	-0.333528
2995.751	-0.313065
2995.801	-0.24711
2995.851	-0.179234
2995.901	-0.101591
2995.951	-0.021812
2996.001	0.037714
2996.051	0.070445
2996.101	0.095168
2996.151	0.102882
2996.201	0.097828
2996.251	0.063222
2996.301	0.022079
2996.351	0.001723
2996.401	-0.04449
2996.451	-0.047737
2996.501	-0.034076
2996.551	-0.012892
2996.601	0.021911
2996.651	0.02179
2996.701	0.020058
2996.751	0.034933
2996.801	0.043788
2996.851	0.043843
2996.901	0.072234
2996.951	0.104318
2997.001	0.171365
2997.051	0.236239
2997.101	0.286071
2997.151	0.301801
2997.201	0.291545
2997.251	0.243343
2997.301	0.173793
2997.351	0.101011
2997.401	0.032583
2997.451	-0.005979
2997.501	-0.026355
2997.551	-0.039366
2997.601	-0.012605
2997.651	0.022557
2997.701	0.059515
2997.751	0.089432
2997.801	0.124103
2997.851	0.141295
2997.901	0.122696
2997.951	0.123162
2998.001	0.105611
2998.051	0.111409
2998.101	0.134592
2998.151	0.158147
2998.201	0.224146
2998.251	0.286945
2998.301	0.329358
2998.351	0.324179
2998.401	0.234679
2998.451	0.052192
2998.501	-0.191415
2998.551	-0.488662
2998.601	-0.748725
2998.651	-0.904595
2998.701	-0.918253
2998.751	-0.752852
2998.801	-0.426023
2998.851	-0.011843
2998.901	0.400096
2998.951	0.726604
2999.001	0.921542
2999.051	0.933384
2999.101	0.80618
2999.151	0.554816
2999.201	0.284866
2999.251	0.021449
2999.301	-0.182087
2999.351	-0.28349
2999.401	-0.299601
2999.451	-0.2541
2999.501	-0.133642
2999.551	0.03727
2999.601	0.204624
2999.651	0.360074
2999.701	0.427399
2999.751	0.422562
2999.801	0.335498
2999.851	0.197437
2999.901	0.055558
2999.951	-0.052658
3000.001	-0.141151
3000.051	-0.189702
3000.101	-0.157284
3000.151	-0.059746
3000.201	0.075856
3000.251	0.201315
3000.301	0.30716
3000.351	0.34802
3000.401	0.314723
3000.451	0.244419
3000.501	0.144366
3000.551	0.049386
3000.601	-0.044875
3000.651	-0.103222
3000.701	-0.124979
3000.751	-0.110323
3000.801	-0.041931
3000.851	0.018067
3000.901	0.089981
3000.951	0.158229
3001.001	0.207387
3001.051	0.239121
3001.101	0.245954
3001.151	0.232756
3001.201	0.184205
3001.251	0.116638
3001.301	0.039432
3001.351	-0.014365
3001.401	-0.048529
3001.451	-0.079712
3001.501	-0.090579
3001.551	-0.076741
3001.601	-0.048934
3001.651	-0.016185
3001.701	0.027212
3001.751	0.072453
3001.801	0.09488
3001.851	0.124623
3001.901	0.165745
3001.951	0.190328
3002.001	0.198957
3002.051	0.195514
3002.101	0.191986
3002.151	0.179262
3002.201	0.167027
3002.251	0.133096
3002.301	0.09545
3002.351	0.072684
3002.401	0.056685
3002.451	0.034948
3002.501	0.031979
3002.551	0.015304
3002.601	0.009947
3002.651	-0.001821
3002.701	0.000065
3002.751	0.002049
3002.801	0.01856
3002.851	0.0253
3002.901	0.017004
3002.951	0.021916
3003.001	0.018172
3003.051	0.03013
3003.101	0.05973
3003.151	0.07614
3003.201	0.097323
3003.251	0.106491
3003.301	0.110427
3003.351	0.109802
3003.401	0.121353
3003.451	0.111167
3003.501	0.092006
3003.551	0.092531
3003.601	0.065409
3003.651	0.060945
3003.701	0.058906
3003.751	0.059586
3003.801	0.062196
3003.851	0.068785
3003.901	0.062991
3003.951	0.052474
3004.001	0.051816
3004.051	0.051537
3004.101	0.048617
3004.151	0.043151
3004.201	0.029674
3004.251	0.015563
3004.301	0.01248
3004.351	0.008082
3004.401	-0.00537
3004.451	-0.000983
3004.501	-0.002658
3004.551	0.016216
3004.602	0.044858
3004.652	0.070586
3004.702	0.11051
3004.752	0.159042
3004.802	0.183979
3004.852	0.200638
3004.902	0.215679
3004.952	0.194663
3005.002	0.15655
3005.052	0.108255
3005.102	0.043816
3005.152	-0.01646
3005.202	-0.046386
3005.252	-0.065177
3005.302	-0.069356
3005.352	-0.039192
3005.402	0.004319
3005.452	0.044089
3005.502	0.068583
3005.552	0.107215
3005.602	0.137827
3005.652	0.150791
3005.702	0.149686
3005.752	0.137579
3005.802	0.120512
3005.852	0.092716
3005.902	0.063165
3005.952	0.05086
3006.002	0.029209
3006.052	0.039951
3006.102	0.049147
3006.152	0.051868
3006.202	0.04703
3006.252	0.058517
3006.302	0.053029
3006.352	0.043876
3006.402	0.04894
3006.452	0.033376
3006.502	0.030082
3006.552	0.036506
3006.602	0.04143
3006.652	0.04012
3006.702	0.051159
3006.752	0.064161
3006.802	0.071876
3006.852	0.083273
3006.902	0.077028
3006.952	0.066802
3007.002	0.054298
3007.052	0.042387
3007.102	0.031152
3007.152	0.012005
3007.202	-0.004919
3007.252	-0.000925
3007.302	0.009579
3007.352	0.023078
3007.402	0.042845
3007.452	0.071302
3007.502	0.107327
3007.552	0.13454
3007.602	0.15213
3007.652	0.139548
3007.702	0.13874
3007.752	0.107445
3007.802	0.083013
3007.852	0.059585
3007.902	0.036014
3007.952	0.031432
3008.002	0.017202
3008.052	0.026295
3008.102	0.034108
3008.152	0.030404
3008.202	0.036759
3008.252	0.045901
3008.302	0.054153
3008.352	0.057845
3008.402	0.060177
3008.452	0.05621
3008.502	0.040592
3008.552	0.019006
3008.602	0.013216
3008.652	0.013168
3008.702	0.009576
3008.752	0.025311
3008.802	0.036585
3008.852	0.05097
3008.902	0.069968
3008.952	0.086409
3009.002	0.105577
3009.052	0.116297
3009.102	0.116741
3009.152	0.10993
3009.202	0.104774
3009.252	0.085486
3009.302	0.067152
3009.352	0.056186
3009.402	0.040047
3009.452	0.035838
3009.502	0.051406
3009.552	0.067783
3009.602	0.071259
3009.652	0.080288
3009.702	0.069878
3009.752	0.052501
3009.802	0.058333
3009.852	0.056793
3009.902	0.031326
3009.952	0.028155
3010.002	0.015033
3010.052	0.014361
3010.102	0.020835
3010.152	0.00796
3010.202	0.033011
3010.252	0.0677
3010.302	0.095761
3010.352	0.123537
3010.402	0.140119
3010.452	0.133966
3010.502	0.11071
3010.552	0.094908
3010.602	0.086605
3010.652	0.082295
3010.702	0.081993
3010.752	0.097298
3010.802	0.09579
3010.852	0.086204
3010.902	0.08487
3010.952	0.101101
3011.002	0.130468
3011.052	0.123711
3011.102	0.114761
3011.152	0.100395
3011.202	0.071661
3011.252	0.07449
3011.302	0.061676
3011.352	0.065592
3011.402	0.049134
3011.452	0.04802
3011.502	0.049074
3011.552	0.046966
3011.602	0.063589
3011.652	0.069893
3011.702	0.071735
3011.752	0.072043
3011.802	0.097232
3011.852	0.113669
3011.902	0.118742
3011.952	0.108215
3012.002	0.107481
3012.052	0.089488
3012.102	0.088178
3012.152	0.074037
3012.202	0.049409
3012.252	0.026678
3012.302	0.022691
3012.352	0.018852
3012.402	0.012402
3012.452	0.02351
3012.502	0.03846
3012.552	0.046973
3012.602	0.054553
3012.652	0.072364
3012.702	0.092034
3012.752	0.097776
3012.802	0.095516
3012.852	0.084612
3012.902	0.08113
3012.952	0.074908
3013.002	0.075605
3013.052	0.071631
3013.102	0.070353
3013.152	0.069803
3013.202	0.064247
3013.252	0.072606
3013.302	0.071539
3013.352	0.068672
3013.402	0.04454
3013.452	0.043657
3013.502	0.023302
3013.552	0.016763
3013.602	0.006145
3013.652	0.005268
3013.702	0.005327
3013.752	0.014633
3013.802	0.026669
3013.852	0.045665
3013.902	0.070092
3013.952	0.083849
3014.002	0.088475
3014.052	0.077846
3014.102	0.061818
3014.152	0.056451
3014.202	0.047935
3014.252	0.05156
3014.302	0.038362
3014.352	0.035586
3014.402	0.047369
3014.452	0.062239
3014.502	0.067722
3014.552	0.067682
3014.602	0.060228
3014.652	0.051269
3014.702	0.051232
3014.752	0.049357
3014.802	0.052878
3014.852	0.05885
3014.902	0.062159
3014.952	0.058025
3015.002	0.070642
3015.052	0.070159
3015.102	0.05571
3015.152	0.029684
3015.202	0.005738
3015.252	0.009881
3015.302	0.024225
3015.352	0.04317
3015.402	0.063543
3015.452	0.066111
3015.502	0.085592
3015.552	0.067352
3015.602	0.064739
3015.652	0.059447
3015.702	0.060892
3015.752	0.049272
3015.802	0.052881
3015.852	0.050576
3015.902	0.048471
3015.952	0.053075
3016.002	0.052064
3016.052	0.067678
3016.102	0.082893
3016.152	0.081508
3016.202	0.086069
3016.252	0.083088
3016.302	0.095343
3016.352	0.090203
3016.402	0.074434
3016.452	0.062215
3016.502	0.047332
3016.552	0.043939
3016.602	0.031276
3016.652	0.044046
3016.702	0.043141
3016.752	0.046577
3016.802	0.060367
3016.852	0.050593
3016.902	0.062869
3016.952	0.077214
3017.002	0.078761
3017.052	0.081088
3017.102	0.078061
3017.152	0.061579
3017.202	0.04752
3017.252	0.039317
3017.302	0.033461
3017.352	0.044753
3017.402	0.037334
3017.452	0.041783
3017.502	0.032499
3017.552	0.038549
3017.602	0.03604
3017.652	0.027925
3017.702	0.039626
3017.752	0.048462
3017.802	0.052341
3017.852	0.033945
3017.902	0.040493
3017.952	0.03973
3018.002	0.025893
3018.052	0.033213
3018.102	0.029986
3018.152	0.035039
3018.202	0.028215
3018.252	0.025269
3018.302	0.018145
3018.352	0.014443
3018.402	0.007869
3018.452	0.000912
3018.502	-0.000315
3018.552	-0.013406
3018.602	-0.03148
3018.652	-0.029161
3018.702	-0.046077
3018.752	-0.039275
3018.802	-0.042166
3018.852	-0.033564
3018.902	-0.025004
3018.952	-0.010707
3019.002	0.003512
3019.052	0.011253
3019.102	0.019162
3019.152	0.005575
3019.202	-0.000689
3019.252	-0.017336
3019.302	-0.025015
3019.352	-0.034284
3019.402	-0.037375
3019.452	-0.035362
3019.502	-0.032552
3019.552	-0.016399
3019.602	-0.021603
3019.652	-0.021165
3019.702	-0.009008
3019.752	-0.004807
3019.802	0.005543
3019.852	0.009201
3019.902	0.011305
3019.952	0.01427
3020.002	0.002648
3020.052	0.000485
3020.102	0.004422
3020.152	0.006751
3020.202	-0.008941
3020.252	0.003491
3020.302	0.010532
3020.352	0.010092
3020.402	0.017496
3020.452	0.017354
3020.502	0.011228
3020.552	0.002961
3020.602	-0.010627
3020.652	-0.013767
3020.702	-0.006328
3020.752	-0.005551
3020.802	-0.005562
3020.852	-0.008307
3020.902	-0.007555
3020.952	-0.00948
3021.003	0.016633
3021.053	0.018767
3021.103	0.028113
3021.153	0.01147
3021.203	0.010204
3021.253	0.004686
3021.303	-0.004537
3021.353	-0.010934
3021.403	-0.021294
3021.453	-0.027977
3021.503	-0.062123
3021.553	-0.077422
3021.603	-0.06996
3021.653	-0.054243
3021.703	-0.044753
3021.753	-0.04071
3021.803	-0.029758
3021.853	-0.024312
3021.903	-0.021698
3021.953	-0.022098
3022.003	-0.01941
3022.053	-0.021726
3022.103	-0.037233
3022.153	-0.038101
3022.203	-0.036196
3022.253	-0.03714
3022.303	-0.035186
3022.353	-0.021438
3022.403	0.001808
3022.453	0.001511
3022.503	0.00035
3022.553	0.008879
3022.603	0.008114
3022.653	0.011832
3022.703	0.031044
3022.753	0.041766
3022.803	0.0409
3022.853	0.039773
3022.903	0.038122
3022.953	0.039896
3023.003	0.023657
3023.053	0.006534
3023.103	0.00097
3023.153	-0.006211
3023.203	-0.004924
3023.253	-0.011603
3023.303	-0.016407
3023.353	-0.021295
3023.403	-0.027829
3023.453	-0.041159
3023.503	-0.029541
3023.553	-0.037045
3023.603	-0.039865
3023.653	-0.034555
3023.703	-0.039846
3023.753	-0.05793
3023.803	-0.054303
3023.853	-0.057983
3023.903	-0.066625
3023.953	-0.062387
3024.003	-0.06289
3024.053	-0.062852
3024.103	-0.042324
3024.153	-0.039827
3024.203	-0.047386
3024.253	-0.026525
3024.303	-0.022435
3024.353	-0.030115
3024.403	-0.029065
3024.453	-0.023533
3024.503	-0.01972
3024.553	-0.018537
3024.603	-0.00902
3024.653	-0.011393
3024.703	-0.005058
3024.753	0.001298
3024.803	0.002238
3024.853	-0.002023
3024.903	-0.005132
3024.953	-0.005287
3025.003	-0.026483
3025.053	-0.038133
3025.103	-0.056767
3025.153	-0.063662
3025.203	-0.062451
3025.253	-0.05542
3025.303	-0.037029
3025.353	-0.024255
3025.403	-0.015411
3025.453	-0.013964
3025.503	-0.011897
3025.553	-0.011006
3025.603	-0.023736
3025.653	-0.024275
3025.703	-0.030637
3025.753	-0.030211
3025.803	-0.033776
3025.853	-0.044797
3025.903	-0.046798
3025.953	-0.040477
3026.003	-0.043171
3026.053	-0.032004
3026.103	-0.042616
3026.153	-0.047361
3026.203	-0.042943
3026.253	-0.040484
3026.303	-0.047735
3026.353	-0.050399
3026.403	-0.040421
3026.453	-0.044378
3026.503	-0.042853
3026.553	-0.028532
3026.603	-0.019537
3026.653	-0.015404
3026.703	-0.019235
3026.753	-0.019456
3026.803	-0.032348
3026.853	-0.037547
3026.903	-0.053599
3026.953	-0.061916
3027.003	-0.055911
3027.053	-0.055801
3027.103	-0.048735
3027.153	-0.033893
3027.203	-0.018516
3027.253	-0.012786
3027.303	-0.000574
3027.353	-0.012939
3027.403	-0.027369
3027.453	-0.052161
3027.503	-0.086495
3027.553	-0.101582
3027.603	-0.131208
3027.653	-0.133414
3027.703	-0.134631
3027.753	-0.119932
3027.803	-0.126229
3027.853	-0.136158
3027.903	-0.145225
3027.953	-0.134766
3028.003	-0.127487
3028.053	-0.125567
3028.103	-0.104952
3028.153	-0.090126
3028.203	-0.070959
3028.253	-0.04093
3028.303	-0.012497
3028.353	0.000608
3028.403	0.027895
3028.453	0.043296
3028.503	0.058373
3028.553	0.052691
3028.603	0.050457
3028.653	0.04948
3028.703	0.060882
3028.753	0.067397
3028.803	0.068434
3028.853	0.074694
3028.903	0.087721
3028.953	0.104045
3029.003	0.098543
3029.053	0.110758
3029.103	0.100143
3029.153	0.089617
3029.203	0.085986
3029.253	0.080598
3029.303	0.062245
3029.353	0.051485
3029.403	0.042072
3029.453	0.034107
3029.503	0.028961
3029.553	0.024281
3029.603	0.020188
3029.653	-0.002147
3029.703	-0.005516
3029.753	-0.028865
3029.803	-0.059794
3029.853	-0.089071
3029.903	-0.118623
3029.953	-0.149043
3030.003	-0.160264
3030.053	-0.174176
3030.103	-0.185621
3030.153	-0.18206
3030.203	-0.175232
3030.253	-0.161466
3030.303	-0.127059
3030.353	-0.121573
3030.403	-0.124978
3030.453	-0.124816
3030.503	-0.132802
3030.553	-0.145226
3030.603	-0.159727
3030.653	-0.163377
3030.703	-0.154346
3030.753	-0.165434
3030.803	-0.16604
3030.853	-0.146471
3030.903	-0.133429
3030.953	-0.12474
3031.003	-0.117187
3031.053	-0.115037
3031.103	-0.122896
3031.153	-0.118175
3031.203	-0.110481
3031.253	-0.097128
3031.303	-0.089702
3031.353	-0.098502
3031.403	-0.087641
3031.453	-0.085032
3031.503	-0.081617
3031.553	-0.059964
3031.603	-0.064175
3031.653	-0.054818
3031.703	-0.05763
3031.753	-0.052738
3031.803	-0.033231
3031.853	-0.011615
3031.903	-0.008136
3031.953	-0.004087
3032.003	0.008969
3032.053	0.023628
3032.103	0.037073
3032.153	0.040055
3032.203	0.062859
3032.253	0.066542
3032.303	0.076826
3032.353	0.075228
3032.403	0.080481
3032.453	0.077532
3032.503	0.085288
3032.553	0.084071
3032.603	0.085242
3032.653	0.080521
3032.703	0.06937
3032.753	0.061153
3032.803	0.055289
3032.853	0.06032
3032.903	0.07526
3032.953	0.060799
3033.003	0.044976
3033.053	0.053065
3033.103	0.063806
3033.153	0.074265
3033.203	0.061146
3033.253	0.051448
3033.303	0.040125
3033.353	0.034617
3033.403	0.014371
3033.453	0.000996
3033.503	-0.021614
3033.553	-0.029936
3033.603	-0.044785
3033.653	-0.046065
3033.703	-0.032347
3033.753	-0.03474
3033.803	-0.036338
3033.853	-0.038761
3033.903	-0.040613
3033.953	-0.032073
3034.003	-0.042477
3034.053	-0.05062
3034.103	-0.052342
3034.153	-0.067668
3034.203	-0.074823
3034.253	-0.070156
3034.303	-0.076418
3034.353	-0.078348
3034.403	-0.074167
3034.453	-0.068557
3034.503	-0.064493
3034.553	-0.055898
3034.603	-0.04752
3034.653	-0.0302
3034.703	-0.017069
3034.753	-0.005022
3034.803	0.010527
3034.853	0.012637
3034.903	0.016507
3034.953	0.016967
3035.003	0.014639
3035.053	0.001942
3035.103	0.004639
3035.153	0.004414
3035.203	0.003564
3035.253	0.001803
3035.303	-0.005315
3035.353	-0.01584
3035.403	-0.012244
3035.453	-0.003788
3035.503	0.006829
3035.553	0.015235
3035.603	0.008816
3035.653	0.002773
3035.703	0.007408
3035.753	0.006662
3035.803	0.007562
3035.853	0.011222
3035.903	0.02031
3035.953	0.000313
3036.003	0.011462
3036.053	0.013486
3036.103	0.024297
3036.153	0.018162
3036.203	0.012633
3036.253	0.01321
3036.303	0.01631
3036.353	0.024516
3036.403	0.032782
3036.453	0.048553
3036.503	0.058906
3036.553	0.059386
3036.603	0.060894
3036.653	0.052736
3036.703	0.053358
3036.753	0.031873
3036.803	-0.00745
3036.853	-0.028605
3036.903	-0.050259
3036.953	-0.070033
3037.003	-0.086876
3037.053	-0.090444
3037.103	-0.074713
3037.153	-0.078391
3037.203	-0.086264
3037.253	-0.076609
3037.303	-0.077373
3037.354	-0.079352
3037.404	-0.088563
3037.454	-0.091446
3037.504	-0.094895
3037.554	-0.101705
3037.604	-0.098623
3037.654	-0.085059
3037.704	-0.056178
3037.754	-0.046072
3037.804	-0.023015
3037.854	0.001491
3037.904	0.014619
3037.954	0.026172
3038.004	0.048749
3038.054	0.055286
3038.104	0.04197
3038.154	0.051144
3038.204	0.057889
3038.254	0.035437
3038.304	0.029189
3038.354	0.024622
3038.404	0.019767
3038.454	0.021091
3038.504	0.004893
3038.554	-0.003401
3038.604	-0.001399
3038.654	-0.013505
3038.704	-0.010738
3038.754	-0.007833
3038.804	0.006893
3038.854	0.003243
3038.904	-0.004122
3038.954	-0.015728
3039.004	-0.020535
3039.054	-0.041976
3039.104	-0.060557
3039.154	-0.070234
3039.204	-0.085981
3039.254	-0.103677
3039.304	-0.119341
3039.354	-0.118218
3039.404	-0.112418
3039.454	-0.10689
3039.504	-0.099209
3039.554	-0.089264
3039.604	-0.082313
3039.654	-0.070992
3039.704	-0.059782
3039.754	-0.037919
3039.804	-0.029273
3039.854	-0.012513
3039.904	0.011821
3039.954	0.027766
3040.004	0.052118
3040.054	0.077977
3040.104	0.090901
3040.154	0.125659
3040.204	0.139286
3040.254	0.143827
3040.304	0.14069
3040.354	0.130357
3040.404	0.105735
3040.454	0.06651
3040.504	0.051042
3040.554	0.028995
3040.604	0.000798
3040.654	-0.016511
3040.704	-0.024158
3040.754	-0.048467
3040.804	-0.06545
3040.854	-0.062884
3040.904	-0.062184
3040.954	-0.070349
3041.004	-0.060916
3041.054	-0.052986
3041.104	-0.04644
3041.154	-0.023653
3041.204	-0.009621
3041.254	0.005574
3041.304	0.009592
3041.354	0.012088
3041.404	0.007757
3041.454	0.003773
3041.504	-0.005113
3041.554	-0.016821
3041.604	-0.028612
3041.654	-0.029695
3041.704	-0.026804
3041.754	-0.029125
3041.804	-0.01535
3041.854	-0.014513
3041.904	-0.008911
3041.954	-0.00291
3042.004	-0.003275
3042.054	0.01458
3042.104	0.020503
3042.154	0.02625
3042.204	0.024994
3042.254	0.030134
3042.304	0.034398
3042.354	0.037883
3042.404	0.039792
3042.454	0.052202
3042.504	0.049201
3042.554	0.026005
3042.604	0.003045
3042.654	-0.032181
3042.704	-0.064777
3042.754	-0.08986
3042.804	-0.109073
3042.854	-0.142794
3042.904	-0.154235
3042.954	-0.158771
3043.004	-0.154797
3043.054	-0.150488
3043.104	-0.129281
3043.154	-0.101589
3043.204	-0.063525
3043.254	-0.015101
3043.304	0.028616
3043.354	0.073434
3043.404	0.121267
3043.454	0.155662
3043.504	0.174158
3043.554	0.169778
3043.604	0.153834
3043.654	0.122987
3043.704	0.075692
3043.754	0.019359
3043.804	-0.024666
3043.854	-0.074479
3043.904	-0.094406
3043.954	-0.10241
3044.004	-0.088191
3044.054	-0.087662
3044.104	-0.092773
3044.154	-0.076463
3044.204	-0.062709
3044.254	-0.046189
3044.304	-0.043201
3044.354	-0.022244
3044.404	-0.014995
3044.454	-0.008331
3044.504	0.007066
3044.554	0.010418
3044.604	0.024241
3044.654	0.030548
3044.704	0.021668
3044.754	0.017594
3044.804	0.018929
3044.854	0.010786
3044.904	0.017815
3044.954	0.026509
3045.004	0.017172
3045.054	0.017596
3045.104	0.012717
3045.154	0.015625
3045.204	0.008279
3045.254	0.002063
3045.304	0.011665
3045.354	0.007988
3045.404	-0.002642
3045.454	-0.005179
3045.504	-0.015443
3045.554	-0.023928
3045.604	-0.027327
3045.654	-0.042027
3045.704	-0.051716
3045.754	-0.058027
3045.804	-0.061473
3045.854	-0.075285
3045.904	-0.063889
3045.954	-0.040394
3046.004	-0.035829
3046.054	-0.045786
3046.104	-0.025652
3046.154	-0.005083
3046.204	0.023695
3046.254	0.047726
3046.304	0.062896
3046.354	0.094311
3046.404	0.11368
3046.454	0.108653
3046.504	0.10549
3046.554	0.09909
3046.604	0.099125
3046.654	0.091945
3046.704	0.0835
3046.754	0.070167
3046.804	0.045414
3046.854	0.012923
3046.904	-0.009763
3046.954	-0.023377
3047.004	-0.059555
3047.054	-0.106285
3047.104	-0.128015
3047.154	-0.143343
3047.204	-0.167391
3047.254	-0.177606
3047.304	-0.170734
3047.354	-0.161424
3047.404	-0.129363
3047.454	-0.085951
3047.504	-0.03507
3047.554	0.025802
3047.604	0.085605
3047.654	0.128882
3047.704	0.161702
3047.754	0.166667
3047.804	0.13349
3047.854	0.07218
3047.904	0.010576
3047.954	-0.047788
3048.004	-0.093725
3048.054	-0.101971
3048.104	-0.095165
3048.154	-0.063791
3048.204	-0.026428
3048.254	0.027377
3048.304	0.060152
3048.354	0.078404
3048.404	0.096271
3048.454	0.090234
3048.504	0.084371
3048.554	0.047255
3048.604	0.015425
3048.654	-0.012938
3048.704	-0.037426
3048.754	-0.052342
3048.804	-0.064982
3048.854	-0.065074
3048.904	-0.05587
3048.954	-0.041495
3049.004	-0.016757
3049.054	0.00971
3049.104	0.027892
3049.154	0.040302
3049.204	0.043873
3049.254	0.044536
3049.304	0.040983
3049.354	0.04065
3049.404	0.034881
3049.454	0.028655
3049.504	0.03152
3049.554	0.030755
3049.604	0.036706
3049.654	0.039994
3049.704	0.036243
3049.754	0.0394
3049.804	0.035335
3049.854	0.047159
3049.904	0.053115
3049.954	0.055337
3050.004	0.064597
3050.054	0.073234
3050.104	0.080094
3050.154	0.077637
3050.204	0.081526
3050.254	0.078744
3050.304	0.072698
3050.354	0.07662
3050.404	0.083456
3050.454	0.07667
3050.504	0.062283
3050.554	0.047109
3050.604	0.041956
3050.654	0.029248
3050.704	0.01577
3050.754	-0.005202
3050.804	-0.016287
3050.854	-0.025991
3050.904	-0.025558
3050.954	-0.037106
3051.004	-0.038409
3051.054	-0.03367
3051.104	-0.022747
3051.154	-0.006606
3051.204	0.004955
3051.254	0.004339
3051.304	0.032202
3051.354	0.064453
3051.404	0.068014
3051.454	0.08902
3051.504	0.108998
3051.554	0.128256
3051.604	0.144522
3051.654	0.136746
3051.704	0.119424
3051.754	0.098374
3051.804	0.066094
3051.854	0.031991
3051.904	0.011947
3051.954	-0.017671
3052.004	-0.028731
3052.054	-0.035083
3052.104	-0.032992
3052.154	-0.014089
3052.204	-0.003891
3052.254	0.008389
3052.304	0.007592
3052.354	0.011532
3052.404	0.000787
3052.454	0.001465
3052.504	-0.020045
3052.554	-0.038887
3052.604	-0.050247
3052.654	-0.047983
3052.704	-0.052834
3052.754	-0.033027
3052.804	-0.011139
3052.854	0.016832
3052.904	0.038722
3052.954	0.056126
3053.004	0.075937
3053.054	0.068738
3053.104	0.07542
3053.154	0.071343
3053.204	0.050676
3053.254	0.036863
3053.304	0.01965
3053.354	0.006785
3053.404	0.004986
3053.454	-0.000957
3053.504	0.002314
3053.554	0.009609
3053.604	0.004054
3053.654	-0.000259
3053.704	0.002661
3053.755	0.018916
3053.805	0.020114
3053.855	0.024036
3053.905	0.038759
3053.955	0.016399
3054.005	0.010156
3054.055	0.001361
3054.105	-0.02119
3054.155	-0.030578
3054.205	-0.026524
3054.255	-0.029178
3054.305	-0.017433
3054.355	-0.003558
3054.405	0.034204
3054.455	0.072947
3054.505	0.100933
3054.555	0.121177
3054.605	0.129994
3054.655	0.134583
3054.705	0.110926
3054.755	0.081295
3054.805	0.040955
3054.855	-0.005064
3054.905	-0.041969
3054.955	-0.063352
3055.005	-0.077207
3055.055	-0.077945
3055.105	-0.062073
3055.155	-0.040963
3055.205	-0.001626
3055.255	0.032076
3055.305	0.066245
3055.355	0.088534
3055.405	0.112591
3055.455	0.117268
3055.505	0.113131
3055.555	0.103429
3055.605	0.091793
3055.655	0.062387
3055.705	0.038254
3055.755	0.027123
3055.805	0.00488
3055.855	-0.009881
3055.905	-0.002849
3055.955	0.000825
3056.005	0.002682
3056.055	-0.002282
3056.105	0.016674
3056.155	0.043343
3056.205	0.048264
3056.255	0.064994
3056.305	0.07254
3056.355	0.07392
3056.405	0.094341
3056.455	0.08508
3056.505	0.077034
3056.555	0.071493
3056.605	0.046638
3056.655	0.031029
3056.705	0.030803
3056.755	0.024189
3056.805	0.021063
3056.855	0.040051
3056.905	0.044845
3056.955	0.057002
3057.005	0.083197
3057.055	0.075858
3057.105	0.067715
3057.155	0.066894
3057.205	0.063476
3057.255	0.068812
3057.305	0.06082
3057.355	0.061378
3057.405	0.060896
3057.455	0.063775
3057.505	0.04976
3057.555	0.046459
3057.605	0.056736
3057.655	0.05298
3057.705	0.043085
3057.755	0.034192
3057.805	0.03724
3057.855	0.023035
3057.905	0.025999
3057.955	0.027781
3058.005	0.018107
3058.055	0.011856
3058.105	0.012242
3058.155	0.00101
3058.205	-0.00709
3058.255	-0.00112
3058.305	-0.001303
3058.355	-0.006878
3058.405	-0.013469
3058.455	-0.003724
3058.505	0.001423
3058.555	0.009262
3058.605	0.001764
3058.655	0.021066
3058.705	0.042418
3058.755	0.0608
3058.805	0.07871
3058.855	0.082004
3058.905	0.088939
3058.955	0.08018
3059.005	0.060542
3059.055	0.037492
3059.105	0.015054
3059.155	-0.009411
3059.205	-0.020878
3059.255	-0.030479
3059.305	-0.017583
3059.355	-0.007001
3059.405	-0.004905
3059.455	0.008689
3059.505	0.035771
3059.555	0.040791
3059.605	0.054578
3059.655	0.056861
3059.705	0.047463
3059.755	0.031565
3059.805	0.024103
3059.855	0.010199
3059.905	0.007972
3059.955	0.001478
3060.005	-0.019776
3060.055	-0.005963
3060.105	0.004957
3060.155	0.006718
3060.205	0.002061
3060.255	0.008926
3060.305	0.01173
3060.355	-0.001246
3060.405	0.00788
3060.455	0.008607
3060.505	-0.006942
3060.555	0.001827
3060.605	0.004065
3060.655	0.000756
3060.705	0.010781
3060.755	0.010922
3060.805	0.017425
3060.855	0.021942
3060.905	0.016177
3060.955	0.018413
3061.005	0.017447
3061.055	0.016661
3061.105	0.002905
3061.155	-0.008116
3061.205	-0.015151
3061.255	-0.019566
3061.305	-0.025643
3061.355	-0.021286
3061.405	-0.028753
3061.455	-0.034358
3061.505	-0.03244
3061.555	-0.023244
3061.605	-0.02041
3061.655	-0.023656
3061.705	-0.023964
3061.755	-0.019967
3061.805	-0.014086
3061.855	0.000106
3061.905	-0.00348
3061.955	-0.004474
3062.005	-0.005861
3062.055	-0.007909
3062.105	-0.002303
3062.155	0.00257
3062.205	0.006028
3062.255	0.010861
3062.305	0.017684
3062.355	0.025807
3062.405	0.023529
3062.455	0.010425
3062.505	0.008416
3062.555	-0.006969
3062.605	-0.020062
3062.655	-0.029481
3062.705	-0.050338
3062.755	-0.049056
3062.805	-0.03292
3062.855	-0.034885
3062.905	-0.041193
3062.955	-0.029134
3063.005	-0.027166
3063.055	-0.037124
3063.105	-0.039793
3063.155	-0.038353
3063.205	-0.0411
3063.255	-0.038911
3063.305	-0.033794
3063.355	-0.023308
3063.405	-0.014664
3063.455	-0.026341
3063.505	-0.025857
3063.555	-0.013112
3063.605	-0.017546
3063.655	-0.011875
3063.705	-0.01847
3063.755	-0.010688
3063.805	-0.013664
3063.855	-0.017407
3063.905	-0.011004
3063.955	-0.026394
3064.005	-0.031844
3064.055	-0.03046
3064.105	-0.037291
3064.155	-0.052553
3064.205	-0.051614
3064.255	-0.045611
3064.305	-0.058601
3064.355	-0.056591
3064.405	-0.049034
3064.455	-0.055888
3064.505	-0.057944
3064.555	-0.047391
3064.605	-0.055461
3064.655	-0.046035
3064.705	-0.046537
3064.755	-0.043073
3064.805	-0.032506
3064.855	-0.024191
3064.905	-0.008489
3064.955	0.000983
3065.005	0.004577
3065.055	0.006476
3065.105	-0.006774
3065.155	0.007089
3065.205	-0.002405
3065.255	-0.017935
3065.305	-0.017106
3065.355	-0.033008
3065.405	-0.042357
3065.455	-0.041789
3065.505	-0.048422
3065.555	-0.06109
3065.605	-0.041057
3065.655	-0.045987
3065.705	-0.028006
3065.755	-0.028128
3065.805	-0.016158
3065.855	-0.016679
3065.905	-0.025584
3065.955	-0.020248
3066.005	-0.024287
3066.055	-0.014691
3066.105	-0.014772
3066.155	-0.030747
3066.205	-0.027491
3066.255	-0.025775
3066.305	-0.01413
3066.355	-0.002098
3066.405	-0.015499
3066.455	-0.004665
3066.505	-0.003285
3066.555	-0.011413
3066.605	-0.014978
3066.655	-0.018389
3066.705	-0.006319
3066.755	-0.011158
3066.805	-0.026318
3066.855	-0.047097
3066.905	-0.055637
3066.955	-0.044044
3067.005	-0.047851
3067.055	-0.029773
3067.105	-0.014075
3067.155	0.001661
3067.205	0.001548
3067.255	0.013643
3067.305	0.011045
3067.355	0.013485
3067.405	0.008101
3067.455	0.009128
3067.505	0.009243
3067.555	0.009296
3067.605	0.002669
3067.655	0.01857
3067.705	0.031933
3067.755	0.027814
3067.805	0.028983
3067.855	0.026966
3067.905	0.021863
3067.955	0.010094
3068.005	0.015295
3068.055	0.019218
3068.105	0.006931
3068.155	0.013576
3068.205	0.005563
3068.255	-0.002039
3068.305	0.015689
3068.355	0.019357
3068.405	0.030891
3068.455	0.039232
3068.505	0.037987
3068.555	0.039651
3068.605	0.02964
3068.655	0.024148
3068.705	0.0252
3068.755	0.011052
3068.805	0.010313
3068.855	0.000279
3068.905	-0.001334
3068.955	-0.002366
3069.005	0.003446
3069.055	0.004314
3069.105	0.004787
3069.155	0.00268
3069.205	0.005154
3069.255	0.004951
3069.305	0.010246
3069.355	0.006785
3069.405	0.016615
3069.455	0.019688
3069.505	0.009746
3069.555	0.001715
3069.605	-0.000124
3069.655	-0.0111
3069.705	-0.021083
3069.755	-0.015597
3069.805	-0.017624
3069.855	-0.033476
3069.905	-0.035953
3069.955	-0.042624
3070.005	-0.045765
3070.055	-0.040817
3070.105	-0.041918
3070.156	-0.039481
3070.206	-0.029547
3070.256	-0.0458
3070.306	-0.050219
3070.356	-0.04249
3070.406	-0.034621
3070.456	-0.028315
3070.506	-0.020357
3070.556	-0.012595
3070.606	0.00678
3070.656	0.020136
3070.706	0.029779
3070.756	0.045165
3070.806	0.061763
3070.856	0.074149
3070.906	0.09701
3070.956	0.095568
3071.006	0.092422
3071.056	0.080587
3071.106	0.048169
3071.156	0.010726
3071.206	-0.022813
3071.256	-0.04199
3071.306	-0.048868
3071.356	-0.075907
3071.406	-0.091413
3071.456	-0.099669
3071.506	-0.126306
3071.556	-0.126499
3071.606	-0.120242
3071.656	-0.090035
3071.706	-0.039175
3071.756	0.042696
3071.806	0.141025
3071.856	0.240745
3071.906	0.320157
3071.956	0.394654
3072.006	0.416745
3072.056	0.373244
3072.106	0.287058
3072.156	0.151079
3072.206	-0.015457
3072.256	-0.172703
3072.306	-0.315964
3072.356	-0.421039
3072.406	-0.471458
3072.456	-0.463533
3072.506	-0.415341
3072.556	-0.338445
3072.606	-0.220495
3072.656	-0.089088
3072.706	0.015243
3072.756	0.100839
3072.806	0.14313
3072.856	0.146946
3072.906	0.140334
3072.956	0.126874
3073.006	0.091583
3073.056	0.05748
3073.106	0.018377
3073.156	-0.013599
3073.206	-0.04318
3073.256	-0.069379
3073.306	-0.100644
3073.356	-0.099148
3073.406	-0.09918
3073.456	-0.109913
3073.506	-0.115617
3073.556	-0.101254
3073.606	-0.063074
3073.656	-0.042206
3073.706	-0.002357
3073.756	0.027169
3073.806	0.060424
3073.856	0.093337
3073.906	0.105793
3073.956	0.105527
3074.006	0.092688
3074.056	0.078922
3074.106	0.056561
3074.156	0.029084
3074.206	0.007848
3074.256	-0.024895
3074.306	-0.039875
3074.356	-0.050634
3074.406	-0.037066
3074.456	-0.033806
3074.506	-0.027497
3074.556	-0.01105
3074.606	0.004541
3074.656	0.016945
3074.706	0.024539
3074.756	0.032707
3074.806	0.015534
3074.856	0.010107
3074.906	-0.005853
3074.956	-0.002208
3075.006	-0.002638
3075.056	-0.011902
3075.106	0.00269
3075.156	-0.003082
3075.206	0.000599
3075.256	-0.004612
3075.306	-0.000758
3075.356	-0.020217
3075.406	-0.03485
3075.456	-0.03112
3075.506	-0.034034
3075.556	-0.041745
3075.606	-0.045103
3075.656	-0.048265
3075.706	-0.052349
3075.756	-0.050511
3075.806	-0.039885
3075.856	-0.051256
3075.906	-0.057495
3075.956	-0.062825
3076.006	-0.065777
3076.056	-0.077052
3076.106	-0.082876
3076.156	-0.086256
3076.206	-0.081397
3076.256	-0.082536
3076.306	-0.084076
3076.356	-0.091548
3076.406	-0.098963
3076.456	-0.094885
3076.506	-0.085988
3076.556	-0.078045
3076.606	-0.071408
3076.656	-0.053693
3076.706	-0.043164
3076.756	-0.043989
3076.806	-0.041781
3076.856	-0.028393
3076.906	-0.043787
3076.956	-0.029635
3077.006	-0.033456
3077.056	-0.045267
3077.106	-0.055772
3077.156	-0.0596
3077.206	-0.067387
3077.256	-0.060111
3077.306	-0.071648
3077.356	-0.087831
3077.406	-0.090174
3077.456	-0.101273
3077.506	-0.102522
3077.556	-0.094572
3077.606	-0.099176
3077.656	-0.104478
3077.706	-0.091424
3077.756	-0.07108
3077.806	-0.06139
3077.856	-0.041783
3077.906	-0.018271
3077.956	-0.01407
3078.006	0.000557
3078.056	0.012519
3078.106	0.010246
3078.156	0.025205
3078.206	0.010387
3078.256	0.009213
3078.306	0.007985
3078.356	-0.013909
3078.406	-0.013542
3078.456	-0.002862
3078.506	-0.011234
3078.556	0.003633
3078.606	0.005746
3078.656	0.004019
3078.706	0.012966
3078.756	-0.00291
3078.806	-0.014858
3078.856	-0.02878
3078.906	-0.053689
3078.956	-0.073556
3079.006	-0.099423
3079.056	-0.115413
3079.106	-0.135602
3079.156	-0.144695
3079.206	-0.144862
3079.256	-0.14002
3079.306	-0.134328
3079.356	-0.142397
3079.406	-0.139369
3079.456	-0.126691
3079.506	-0.113796
3079.556	-0.104365
3079.606	-0.081275
3079.656	-0.059021
3079.706	-0.050505
3079.756	-0.044921
3079.806	-0.029185
3079.856	-0.004117
3079.906	0.013098
3079.956	0.021499
3080.006	0.038995
3080.056	0.053577
3080.106	0.060279
3080.156	0.052021
3080.206	0.049246
3080.256	0.043055
3080.306	0.016931
3080.356	-0.001903
3080.406	-0.049998
3080.456	-0.095887
3080.506	-0.146601
3080.556	-0.179401
3080.606	-0.198045
3080.656	-0.193019
3080.706	-0.17955
3080.756	-0.136854
3080.806	-0.097674
3080.856	-0.057324
3080.906	-0.025676
3080.956	-0.00609
3081.006	-0.000717
3081.056	-0.015844
3081.106	-0.021901
3081.156	-0.058897
3081.206	-0.078294
3081.256	-0.111838
3081.306	-0.133658
3081.356	-0.147392
3081.406	-0.156929
3081.456	-0.145081
3081.506	-0.131064
3081.556	-0.130984
3081.606	-0.11201
3081.656	-0.095227
3081.706	-0.101566
3081.756	-0.093201
3081.806	-0.084612
3081.856	-0.084548
3081.906	-0.079901
3081.956	-0.083116
3082.006	-0.100546
3082.056	-0.095673
3082.106	-0.093089
3082.156	-0.095006
3082.206	-0.08983
3082.256	-0.080805
3082.306	-0.084339
3082.356	-0.088806
3082.406	-0.071262
3082.456	-0.06629
3082.506	-0.071807
3082.556	-0.07171
3082.606	-0.069889
3082.656	-0.057821
3082.706	-0.045647
3082.756	-0.048915
3082.806	-0.047997
3082.856	-0.053257
3082.906	-0.057897
3082.956	-0.074608
3083.006	-0.093014
3083.056	-0.102649
3083.106	-0.094865
3083.156	-0.088189
3083.206	-0.095135
3083.256	-0.084863
3083.306	-0.069688
3083.356	-0.066018
3083.406	-0.056445
3083.456	-0.059072
3083.506	-0.042757
3083.556	-0.020841
3083.606	-0.015011
3083.656	-0.009627
3083.706	-0.004536
3083.756	0.003779
3083.806	0.001416
3083.856	-0.007957
3083.906	-0.032711
3083.956	-0.045765
3084.006	-0.05291
3084.056	-0.066939
3084.106	-0.069614
3084.156	-0.090325
3084.206	-0.104303
3084.256	-0.096699
3084.306	-0.102013
3084.356	-0.107134
3084.406	-0.102511
3084.456	-0.100384
3084.506	-0.095858
3084.556	-0.105836
3084.606	-0.087004
3084.656	-0.07432
3084.706	-0.050545
3084.756	-0.014057
3084.806	0.042797
3084.856	0.108805
3084.906	0.186571
3084.956	0.256985
3085.006	0.325901
3085.056	0.376325
3085.106	0.381083
3085.156	0.344077
3085.206	0.235341
3085.256	0.068883
3085.306	-0.128862
3085.356	-0.336853
3085.406	-0.544357
3085.456	-0.693839
3085.506	-0.770168
3085.556	-0.782318
3085.606	-0.730047
3085.656	-0.622934
3085.706	-0.506762
3085.756	-0.380824
3085.806	-0.261042
3085.856	-0.131737
3085.906	-0.027977
3085.956	0.083619
3086.006	0.194035
3086.056	0.301596
3086.106	0.401176
3086.156	0.481216
3086.206	0.521229
3086.256	0.487108
3086.306	0.408502
3086.356	0.294031
3086.406	0.138415
3086.456	-0.013275
3086.507	-0.157924
3086.557	-0.265629
3086.607	-0.333811
3086.657	-0.369822
3086.707	-0.363973
3086.757	-0.330437
3086.807	-0.273904
3086.857	-0.19197
3086.907	-0.109674
3086.957	-0.07646
3087.007	-0.045845
3087.057	-0.03227
3087.107	-0.044566
3087.157	-0.080649
3087.207	-0.115358
3087.257	-0.156337
3087.307	-0.172383
3087.357	-0.17466
3087.407	-0.172006
3087.457	-0.149407
3087.507	-0.117565
3087.557	-0.094235
3087.607	-0.078102
3087.657	-0.058992
3087.707	-0.064116
3087.757	-0.056058
3087.807	-0.04072
3087.857	-0.031594
3087.907	-0.020108
3087.957	-0.009777
3088.007	-0.006859
3088.057	0.00015
3088.107	-0.012173
3088.157	-0.017114
3088.207	-0.020386
3088.257	-0.006782
3088.307	-0.01537
3088.357	-0.042786
3088.407	-0.058131
3088.457	-0.076828
3088.507	-0.109044
3088.557	-0.130389
3088.607	-0.164633
3088.657	-0.179196
3088.707	-0.182372
3088.757	-0.183947
3088.807	-0.17355
3088.857	-0.16963
3088.907	-0.158101
3088.957	-0.14088
3089.007	-0.133313
3089.057	-0.12319
3089.107	-0.088016
3089.157	-0.076819
3089.207	-0.061629
3089.257	-0.061005
3089.307	-0.059692
3089.357	-0.072627
3089.407	-0.070456
3089.457	-0.061583
3089.507	-0.07821
3089.557	-0.076578
3089.607	-0.074669
3089.657	-0.081423
3089.707	-0.087325
3089.757	-0.088171
3089.807	-0.080474
3089.857	-0.093246
3089.907	-0.105492
3089.957	-0.097461
3090.007	-0.096517
3090.057	-0.094701
3090.107	-0.110412
3090.157	-0.085352
3090.207	-0.097388
3090.257	-0.098643
3090.307	-0.09664
3090.357	-0.101713
3090.407	-0.100988
3090.457	-0.084937
3090.507	-0.082018
3090.557	-0.068088
3090.607	-0.076024
3090.657	-0.07338
3090.707	-0.102771
3090.757	-0.113182
3090.807	-0.1348
3090.857	-0.151503
3090.907	-0.132586
3090.957	-0.12728
3091.007	-0.117136
3091.057	-0.084968
3091.107	-0.047799
3091.157	-0.012851
3091.207	0.045362
3091.257	0.06162
3091.307	0.074455
3091.357	0.076508
3091.407	0.043881
3091.457	0.015023
3091.507	-0.025344
3091.557	-0.071846
3091.607	-0.095425
3091.657	-0.120179
3091.707	-0.139848
3091.757	-0.136957
3091.807	-0.128214
3091.857	-0.109662
3091.907	-0.087172
3091.957	-0.08418
3092.007	-0.081226
3092.057	-0.062197
3092.107	-0.063569
3092.157	-0.082343
3092.207	-0.077203
3092.257	-0.085631
3092.307	-0.085765
3092.357	-0.083131
3092.407	-0.069273
3092.457	-0.064699
3092.507	-0.054552
3092.557	-0.05676
3092.607	-0.038099
3092.657	-0.02056
3092.707	-0.030396
3092.757	-0.024078
3092.807	-0.028216
3092.857	-0.022706
3092.907	-0.02133
3092.957	-0.00743
3093.007	-0.011048
3093.057	-0.021495
3093.107	-0.035415
3093.157	-0.043917
3093.207	-0.04638
3093.257	-0.052127
3093.307	-0.04567
3093.357	-0.049457
3093.407	-0.039523
3093.457	-0.041385
3093.507	-0.042696
3093.557	-0.040542
3093.607	-0.035005
3093.657	-0.036374
3093.707	-0.037748
3093.757	-0.036235
3093.807	-0.027165
3093.857	-0.031504
3093.907	-0.035737
3093.957	-0.044148
3094.007	-0.049114
3094.057	-0.045843
3094.107	-0.039041
3094.157	-0.039543
3094.207	-0.041587
3094.257	-0.03014
3094.307	-0.024147
3094.357	0.002092
3094.407	-0.017183
3094.457	-0.015416
3094.507	-0.034164
3094.557	-0.036186
3094.607	-0.030655
3094.657	-0.039228
3094.707	-0.034986
3094.757	-0.034779
3094.807	-0.033937
3094.857	-0.02571
3094.907	-0.015175
3094.957	-0.012719
3095.007	-0.008767
3095.057	-0.014448
3095.107	-0.02191
3095.157	-0.023598
3095.207	-0.031295
3095.257	-0.037322
3095.307	-0.02473
3095.357	-0.022235
3095.407	-0.006233
3095.457	0.015434
3095.507	0.025325
3095.557	0.040091
3095.607	0.0274
3095.657	0.03055
3095.707	0.013582
3095.757	-0.000884
3095.807	-0.018016
3095.857	-0.050218
3095.907	-0.058042
3095.957	-0.050475
3096.007	-0.044425
3096.057	-0.028556
3096.107	-0.016533
3096.157	0.009451
3096.207	0.029616
3096.257	0.047122
3096.307	0.050137
3096.357	0.043968
3096.407	0.025333
3096.457	0.011944
3096.507	0.008941
3096.557	-0.000392
3096.607	-0.013837
3096.657	-0.016619
3096.707	-0.012905
3096.757	-0.010743
3096.807	-0.011312
3096.857	-0.003189
3096.907	-0.005333
3096.957	-0.017373
3097.007	-0.043646
3097.057	-0.072749
3097.107	-0.087154
3097.157	-0.119524
3097.207	-0.141498
3097.257	-0.17865
3097.307	-0.198566
3097.357	-0.223521
3097.407	-0.233622
3097.457	-0.230639
3097.507	-0.212737
3097.557	-0.192415
3097.607	-0.138784
3097.657	-0.101038
3097.707	-0.048725
3097.757	0.002801
3097.807	0.046958
3097.857	0.071824
3097.907	0.10068
3097.957	0.10877
3098.007	0.086034
3098.057	0.070321
3098.107	0.057222
3098.157	0.033047
3098.207	0.018697
3098.257	0.009896
3098.307	0.002685
3098.357	0.018398
3098.407	0.019425
3098.457	0.034383
3098.507	0.047564
3098.557	0.049281
3098.607	0.046873
3098.657	0.016845
3098.707	-0.016503
3098.757	-0.028877
3098.807	-0.053098
3098.857	-0.096554
3098.907	-0.096361
3098.957	-0.117328
3099.007	-0.096741
3099.057	-0.089315
3099.107	-0.072629
3099.157	-0.065759
3099.207	-0.060719
3099.257	-0.058449
3099.307	-0.047057
3099.357	-0.057584
3099.407	-0.062877
3099.457	-0.080327
3099.507	-0.086616
3099.557	-0.106505
3099.607	-0.108628
3099.657	-0.104098
3099.707	-0.109713
3099.757	-0.098934
3099.807	-0.110994
3099.857	-0.107883
3099.907	-0.104159
3099.957	-0.094957
3100.007	-0.089107
3100.057	-0.063407
3100.107	-0.050763
3100.157	-0.052006
3100.207	-0.031613
3100.257	-0.038296
3100.307	-0.049499
3100.357	-0.058039
3100.407	-0.074291
3100.457	-0.104071
3100.507	-0.152506
3100.557	-0.169401
3100.607	-0.191351
3100.657	-0.191272
3100.707	-0.160732
3100.757	-0.132999
3100.807	-0.104192
3100.857	-0.043532
3100.907	0.00492
3100.957	0.055811
3101.007	0.081671
3101.057	0.091345
3101.107	0.094031
3101.157	0.074118
3101.207	0.039458
3101.257	-0.002081
3101.307	-0.059565
3101.357	-0.101614
3101.407	-0.114875
3101.457	-0.134708
3101.507	-0.149906
3101.557	-0.13203
3101.607	-0.101754
3101.657	-0.096401
3101.707	-0.079226
3101.757	-0.061255
3101.807	-0.066761
3101.857	-0.067894
3101.907	-0.067315
3101.957	-0.07419
3102.007	-0.099416
3102.057	-0.11013
3102.107	-0.103941
3102.157	-0.109889
3102.207	-0.110377
3102.257	-0.114132
3102.307	-0.095242
3102.357	-0.068215
3102.407	-0.068482
3102.457	-0.067704
3102.507	-0.074365
3102.557	-0.083341
3102.607	-0.084776
3102.657	-0.081454
3102.707	-0.101233
3102.757	-0.120134
3102.807	-0.11821
3102.857	-0.127876
3102.908	-0.13686
3102.958	-0.114669
3103.008	-0.115897
3103.058	-0.110341
3103.108	-0.092712
3103.158	-0.074742
3103.208	-0.051731
3103.258	-0.045254
3103.308	-0.03997
3103.358	-0.020047
3103.408	-0.013665
3103.458	-0.006158
3103.508	0.008848
3103.558	0.028229
3103.608	0.021599
3103.658	0.024362
3103.708	0.012173
3103.758	-0.00028
3103.808	-0.01265
3103.858	-0.027792
3103.908	-0.038676
3103.958	-0.041214
3104.008	-0.019145
3104.058	0.000593
3104.108	0.016271
3104.158	0.027267
3104.208	0.038819
3104.258	0.025015
3104.308	-0.012263
3104.358	-0.059071
3104.408	-0.1022
3104.458	-0.144806
3104.508	-0.156408
3104.558	-0.155307
3104.608	-0.138938
3104.658	-0.140258
3104.708	-0.120633
3104.758	-0.13317
3104.808	-0.117922
3104.858	-0.130278
3104.908	-0.113084
3104.958	-0.077138
3105.008	-0.016931
3105.058	0.050376
3105.108	0.115563
3105.158	0.163243
3105.208	0.18846
3105.258	0.189735
3105.308	0.163474
3105.358	0.12138
3105.408	0.060416
3105.458	0.01585
3105.508	-0.013609
3105.558	-0.051886
3105.608	-0.04742
3105.658	-0.045269
3105.708	-0.028641
3105.758	0.003884
3105.808	0.023222
3105.858	0.046476
3105.908	0.048609
3105.958	0.044219
3106.008	0.025177
3106.058	-0.012656
3106.108	-0.046658
3106.158	-0.071668
3106.208	-0.071337
3106.258	-0.080626
3106.308	-0.087794
3106.358	-0.066049
3106.408	-0.04354
3106.458	-0.036234
3106.508	-0.024005
3106.558	-0.009409
3106.608	0.005848
3106.658	-0.001409
3106.708	-0.018168
3106.758	-0.018225
3106.808	-0.019516
3106.858	-0.028722
3106.908	-0.024509
3106.958	-0.026327
3107.008	-0.030036
3107.058	-0.001623
3107.108	0.003689
3107.158	0.019613
3107.208	0.030829
3107.258	0.045171
3107.308	0.052655
3107.358	0.061932
3107.408	0.068873
3107.458	0.078033
3107.508	0.073407
3107.558	0.073955
3107.608	0.070661
3107.658	0.066436
3107.708	0.054831
3107.758	0.042424
3107.808	0.039507
3107.858	0.028986
3107.908	0.013174
3107.958	0.00552
3108.008	0.006576
3108.058	0.004567
3108.108	0.011684
3108.158	-0.00448
3108.208	-0.003817
3108.258	0.010833
3108.308	0.017101
3108.358	0.011832
3108.408	0.004113
3108.458	0.007395
3108.508	-0.000597
3108.558	0.006799
3108.608	0.017647
3108.658	0.017653
3108.708	0.0213
3108.758	0.031721
3108.808	0.025001
3108.858	0.021393
3108.908	0.025109
3108.958	0.030528
3109.008	0.015336
3109.058	0.008778
3109.108	0.016434
3109.158	0.023267
3109.208	0.025342
3109.258	0.017254
3109.308	0.009477
3109.358	0.018947
3109.408	0.015444
3109.458	0.026106
3109.508	0.015021
3109.558	0.015329
3109.608	0.010836
3109.658	-0.002539
3109.708	-0.004218
3109.758	0.00218
3109.808	0.000531
3109.858	0.005277
3109.908	-0.005036
3109.958	-0.015025
3110.008	-0.02391
3110.058	-0.013309
3110.108	-0.004699
3110.158	-0.003218
3110.208	0.00519
3110.258	0.01513
3110.308	0.023243
3110.358	0.028411
3110.408	0.024902
3110.458	0.028305
3110.508	0.019363
3110.558	0.01229
3110.608	0.015067
3110.658	0.000332
3110.708	-0.013506
3110.758	-0.018925
3110.808	-0.015874
3110.858	-0.009989
3110.908	-0.003234
3110.958	-0.013465
3111.008	-0.007262
3111.058	0.003122
3111.108	0.005083
3111.158	-0.002364
3111.208	-0.001967
3111.258	-0.01228
3111.308	-0.01851
3111.358	-0.016739
3111.408	-0.023612
3111.458	-0.02582
3111.508	-0.015039
3111.558	-0.017185
3111.608	-0.012148
3111.658	-0.01738
3111.708	-0.013291
3111.758	-0.01473
3111.808	-0.003618
3111.858	-0.005315
3111.908	-0.00745
3111.958	-0.021219
3112.008	-0.023069
3112.058	-0.027802
3112.108	-0.018988
3112.158	-0.021591
3112.208	-0.035889
3112.258	-0.028062
3112.308	-0.045863
3112.358	-0.052673
3112.408	-0.04549
3112.458	-0.045865
3112.508	-0.056186
3112.558	-0.054747
3112.608	-0.040686
3112.658	-0.040703
3112.708	-0.038912
3112.758	-0.032012
3112.808	-0.031297
3112.858	-0.031939
3112.908	-0.031932
3112.958	-0.002737
3113.008	0.007808
3113.058	-0.00064
3113.108	0.01784
3113.158	0.0401
3113.208	0.043795
3113.258	0.04959
3113.308	0.038952
3113.358	0.043503
3113.408	0.029726
3113.458	0.014325
3113.508	-0.006934
3113.558	-0.026315
3113.608	-0.051358
3113.658	-0.056535
3113.708	-0.065332
3113.758	-0.06547
3113.808	-0.07336
3113.858	-0.09426
3113.908	-0.097388
3113.958	-0.09081
3114.008	-0.089936
3114.058	-0.081352
3114.108	-0.083732
3114.158	-0.076236
3114.208	-0.081509
3114.258	-0.091856
3114.308	-0.082754
3114.358	-0.06999
3114.408	-0.074777
3114.458	-0.070962
3114.508	-0.060874
3114.558	-0.040365
3114.608	-0.038074
3114.658	-0.022066
3114.708	-0.025706
3114.758	-0.041133
3114.808	-0.051182
3114.858	-0.057734
3114.908	-0.073072
3114.958	-0.050053
3115.008	-0.049185
3115.058	-0.056468
3115.108	-0.032181
3115.158	-0.011355
3115.208	-0.022422
3115.258	-0.006796
3115.308	0.000968
3115.358	0.011723
3115.408	0.012032
3115.458	0.006724
3115.508	-0.007424
3115.558	-0.019561
3115.608	-0.022736
3115.658	-0.016548
3115.708	-0.014867
3115.758	-0.006466
3115.808	0.008936
3115.858	0.015672
3115.908	0.031749
3115.958	0.030178
3116.008	0.040918
3116.058	0.037037
3116.108	0.010564
3116.158	0.005755
3116.208	-0.006858
3116.258	-0.034314
3116.308	-0.048649
3116.358	-0.054488
3116.408	-0.066459
3116.458	-0.08517
3116.508	-0.095911
3116.558	-0.091919
3116.608	-0.099463
3116.658	-0.083227
3116.708	-0.084876
3116.758	-0.066815
3116.808	-0.057002
3116.858	-0.038968
3116.908	-0.039229
3116.958	-0.027673
3117.008	-0.016706
3117.058	-0.005684
3117.108	0.003136
3117.158	-0.001333
3117.208	-0.005873
3117.258	-0.003381
3117.308	-0.00652
3117.358	0.005133
3117.408	0.006558
3117.458	0.001055
3117.508	-0.002211
3117.558	0.029681
3117.608	0.035656
3117.658	0.048461
3117.708	0.067551
3117.758	0.080647
3117.808	0.068404
3117.858	0.049586
3117.908	0.007549
3117.958	-0.068788
3118.008	-0.144468
3118.058	-0.202092
3118.108	-0.26624
3118.158	-0.310703
3118.208	-0.287666
3118.258	-0.234872
3118.308	-0.145769
3118.358	-0.014535
3118.408	0.105467
3118.458	0.220152
3118.508	0.304103
3118.558	0.348957
3118.608	0.34676
3118.658	0.265819
3118.708	0.147404
3118.758	-0.013638
3118.808	-0.173753
3118.858	-0.30385
3118.908	-0.383083
3118.958	-0.406312
3119.008	-0.361366
3119.058	-0.241176
3119.108	-0.0812
3119.158	0.076145
3119.208	0.213447
3119.258	0.302083
3119.309	0.332672
3119.359	0.315996
3119.409	0.241469
3119.459	0.148981
3119.509	0.044825
3119.559	-0.05212
3119.609	-0.124271
3119.659	-0.161275
3119.709	-0.152294
3119.759	-0.132162
3119.809	-0.097039
3119.859	-0.046204
3119.909	0.003566
3119.959	0.028177
3120.009	0.035333
3120.059	0.02185
3120.109	0.016238
3120.159	-0.014142
3120.209	-0.051465
3120.259	-0.064447
3120.309	-0.069975
3120.359	-0.07503
3120.409	-0.056872
3120.459	-0.030103
3120.509	-0.010923
3120.559	0.015528
3120.609	0.02233
3120.659	0.018394
3120.709	-0.000745
3120.759	-0.031915
3120.809	-0.063569
3120.859	-0.096151
3120.909	-0.11078
3120.959	-0.12105
3121.009	-0.101272
3121.059	-0.096975
3121.109	-0.068002
3121.159	-0.0319
3121.209	0.006232
3121.259	0.046227
3121.309	0.078023
3121.359	0.098302
3121.409	0.116166
3121.459	0.142936
3121.509	0.136732
3121.559	0.138226
3121.609	0.12042
3121.659	0.104317
3121.709	0.083689
3121.759	0.036219
3121.809	-0.027362
3121.859	-0.096919
3121.909	-0.170582
3121.959	-0.249165
3122.009	-0.325065
3122.059	-0.380411
3122.109	-0.410687
3122.159	-0.393964
3122.209	-0.338233
3122.259	-0.263707
3122.309	-0.185687
3122.359	-0.102359
3122.409	-0.03369
3122.459	-0.003079
3122.509	-0.010157
3122.559	-0.037913
3122.609	-0.093324
3122.659	-0.161332
3122.709	-0.196626
3122.759	-0.236933
3122.809	-0.257086
3122.859	-0.257021
3122.909	-0.257192
3122.959	-0.231317
3123.009	-0.181891
3123.059	-0.124941
3123.109	-0.080844
3123.159	-0.046707
3123.209	-0.020986
3123.259	-0.010483
3123.309	0.005858
3123.359	0.00775
3123.409	0.00381
3123.459	0.004841
3123.509	0.013281
3123.559	0.018776
3123.609	0.027905
3123.659	0.034484
3123.709	0.037229
3123.759	0.030249
3123.809	0.017074
3123.859	-0.014056
3123.909	-0.052042
3123.959	-0.100418
3124.009	-0.163281
3124.059	-0.208349
3124.109	-0.234233
3124.159	-0.236322
3124.209	-0.236822
3124.259	-0.221641
3124.309	-0.194243
3124.359	-0.173415
3124.409	-0.144914
3124.459	-0.126817
3124.509	-0.107344
3124.559	-0.097904
3124.609	-0.117455
3124.659	-0.120514
3124.709	-0.133152
3124.759	-0.15593
3124.809	-0.173145
3124.859	-0.167487
3124.909	-0.167866
3124.959	-0.175773
3125.009	-0.17945
3125.059	-0.18289
3125.109	-0.183557
3125.159	-0.160078
3125.209	-0.149557
3125.259	-0.146151
3125.309	-0.15138
3125.359	-0.144586
3125.409	-0.12688
3125.459	-0.111738
3125.509	-0.112055
3125.559	-0.107654
3125.609	-0.121087
3125.659	-0.122232
3125.709	-0.135753
3125.759	-0.153197
3125.809	-0.173902
3125.859	-0.188848
3125.909	-0.203976
3125.959	-0.216244
3126.009	-0.213852
3126.059	-0.218851
3126.109	-0.214285
3126.159	-0.204662
3126.209	-0.182081
3126.259	-0.175101
3126.309	-0.157348
3126.359	-0.128485
3126.409	-0.113602
3126.459	-0.100466
3126.509	-0.103161
3126.559	-0.093034
3126.609	-0.092172
3126.659	-0.089396
3126.709	-0.109217
3126.759	-0.108907
3126.809	-0.121068
3126.859	-0.144874
3126.909	-0.143961
3126.959	-0.155913
3127.009	-0.133185
3127.059	-0.12564
3127.109	-0.119234
3127.159	-0.113702
3127.209	-0.115061
3127.259	-0.114576
3127.309	-0.110355
3127.359	-0.110152
3127.409	-0.125311
3127.459	-0.131428
3127.509	-0.131705
3127.559	-0.147004
3127.609	-0.142772
3127.659	-0.1485
3127.709	-0.137653
3127.759	-0.120685
3127.809	-0.094831
3127.859	-0.04569
3127.909	-0.03831
3127.959	-0.026565
3128.009	-0.006736
3128.059	0.003634
3128.109	-0.009087
3128.159	-0.018743
3128.209	-0.051066
3128.259	-0.104162
3128.309	-0.139307
3128.359	-0.185104
3128.409	-0.21615
3128.459	-0.212083
3128.509	-0.209884
3128.559	-0.1806
3128.609	-0.145344
3128.659	-0.133008
3128.709	-0.125226
3128.759	-0.111
3128.809	-0.111271
3128.859	-0.100386
3128.909	-0.100348
3128.959	-0.104045
3129.009	-0.100735
3129.059	-0.101489
3129.109	-0.095921
3129.159	-0.099396
3129.209	-0.097654
3129.259	-0.082151
3129.309	-0.06737
3129.359	-0.063334
3129.409	-0.068142
3129.459	-0.071935
3129.509	-0.078363
3129.559	-0.08746
3129.609	-0.103585
3129.659	-0.112865
3129.709	-0.116236
3129.759	-0.125764
3129.809	-0.137826
3129.859	-0.147313
3129.909	-0.135349
3129.959	-0.131366
3130.009	-0.122729
3130.059	-0.119196
3130.109	-0.119772
3130.159	-0.114739
3130.209	-0.130246
3130.259	-0.137523
3130.309	-0.140923
3130.359	-0.155592
3130.409	-0.160774
3130.459	-0.171426
3130.509	-0.165442
3130.559	-0.155731
3130.609	-0.140234
3130.659	-0.143771
3130.709	-0.144293
3130.759	-0.121059
3130.809	-0.105971
3130.859	-0.102722
3130.909	-0.10348
3130.959	-0.08786
3131.009	-0.084553
3131.059	-0.067718
3131.109	-0.076246
3131.159	-0.080605
3131.209	-0.057981
3131.259	-0.075333
3131.309	-0.072855
3131.359	-0.087052
3131.409	-0.122335
3131.459	-0.116913
3131.509	-0.11479
3131.559	-0.125205
3131.609	-0.137255
3131.659	-0.146758
3131.709	-0.152737
3131.759	-0.13822
3131.809	-0.120356
3131.859	-0.111023
3131.909	-0.105177
3131.959	-0.101811
3132.009	-0.093847
3132.059	-0.082967
3132.109	-0.068964
3132.159	-0.071055
3132.209	-0.072976
3132.259	-0.073107
3132.309	-0.063751
3132.359	-0.072226
3132.409	-0.078512
3132.459	-0.076347
3132.509	-0.078543
3132.559	-0.080103
3132.609	-0.07921
3132.659	-0.074521
3132.709	-0.076519
3132.759	-0.080778
3132.809	-0.083534
3132.859	-0.08041
3132.909	-0.089811
3132.959	-0.089661
3133.009	-0.102085
3133.059	-0.094755
3133.109	-0.081277
3133.159	-0.084748
3133.209	-0.083756
3133.259	-0.077972
3133.309	-0.074963
3133.359	-0.06132
3133.409	-0.058876
3133.459	-0.076606
3133.509	-0.078886
3133.559	-0.081381
3133.609	-0.08014
3133.659	-0.081498
3133.709	-0.084364
3133.759	-0.087611
3133.809	-0.092233
3133.859	-0.089694
3133.909	-0.095198
3133.959	-0.09902
3134.009	-0.111339
3134.059	-0.113094
3134.109	-0.117671
3134.159	-0.10412
3134.209	-0.106515
3134.259	-0.099644
3134.309	-0.105435
3134.359	-0.110326
3134.409	-0.108512
3134.459	-0.107592
3134.509	-0.115845
3134.559	-0.130514
3134.609	-0.129052
3134.659	-0.118039
3134.709	-0.120111
3134.759	-0.111695
3134.809	-0.091095
3134.859	-0.097272
3134.909	-0.100491
3134.959	-0.091663
3135.009	-0.086004
3135.059	-0.084991
3135.109	-0.08592
3135.159	-0.077113
3135.209	-0.081345
3135.259	-0.078351
3135.309	-0.084775
3135.359	-0.111368
3135.409	-0.114461
3135.459	-0.11882
3135.509	-0.122357
3135.559	-0.11123
3135.609	-0.113359
3135.66	-0.114829
3135.71	-0.116674
3135.76	-0.116834
3135.81	-0.118358
3135.86	-0.119626
3135.91	-0.124631
3135.96	-0.127586
3136.01	-0.142438
3136.06	-0.148004
3136.11	-0.148751
3136.16	-0.144358
3136.21	-0.149708
3136.26	-0.150261
3136.31	-0.154933
3136.36	-0.176322
3136.41	-0.192829
3136.46	-0.212711
3136.51	-0.232932
3136.56	-0.26788
3136.61	-0.295261
3136.66	-0.333275
3136.71	-0.336326
3136.76	-0.330498
3136.81	-0.320505
3136.86	-0.25712
3136.91	-0.163166
3136.96	-0.082279
3137.01	0.007145
3137.06	0.104153
3137.11	0.15726
3137.16	0.170055
3137.21	0.163168
3137.26	0.114111
3137.31	0.034365
3137.36	-0.022172
3137.41	-0.084883
3137.46	-0.142781
3137.51	-0.16852
3137.56	-0.190882
3137.61	-0.206452
3137.66	-0.221878
3137.71	-0.213099
3137.76	-0.200866
3137.81	-0.186187
3137.86	-0.186762
3137.91	-0.19813
3137.96	-0.211767
3138.01	-0.226559
3138.06	-0.236944
3138.11	-0.239855
3138.16	-0.237706
3138.21	-0.225328
3138.26	-0.216999
3138.31	-0.203582
3138.36	-0.190343
3138.41	-0.191982
3138.46	-0.191006
3138.51	-0.191671
3138.56	-0.18792
3138.61	-0.180099
3138.66	-0.182139
3138.71	-0.186476
3138.76	-0.201652
3138.81	-0.20373
3138.86	-0.195206
3138.91	-0.18387
3138.96	-0.18674
3139.01	-0.19639
3139.06	-0.202501
3139.11	-0.203723
3139.16	-0.214222
3139.21	-0.213375
3139.26	-0.227752
3139.31	-0.223556
3139.36	-0.22094
3139.41	-0.20566
3139.46	-0.192649
3139.51	-0.188235
3139.56	-0.178248
3139.61	-0.161312
3139.66	-0.140038
3139.71	-0.13517
3139.76	-0.116714
3139.81	-0.099721
3139.86	-0.088874
3139.91	-0.08068
3139.96	-0.071473
3140.01	-0.079164
3140.06	-0.079938
3140.11	-0.076665
3140.16	-0.088998
3140.21	-0.100963
3140.26	-0.096767
3140.31	-0.102435
3140.36	-0.124779
3140.41	-0.144505
3140.46	-0.140588
3140.51	-0.151875
3140.56	-0.165774
3140.61	-0.174922
3140.66	-0.187665
3140.71	-0.20695
3140.76	-0.211467
3140.81	-0.20804
3140.86	-0.212247
3140.91	-0.199786
3140.96	-0.182388
3141.01	-0.159103
3141.06	-0.130055
3141.11	-0.120771
3141.16	-0.101333
3141.21	-0.079285
3141.26	-0.060542
3141.31	-0.060816
3141.36	-0.061527
3141.41	-0.064091
3141.46	-0.072835
3141.51	-0.086237
3141.56	-0.096433
3141.61	-0.107517
3141.66	-0.116513
3141.71	-0.101889
3141.76	-0.1061
3141.81	-0.104673
3141.86	-0.094786
3141.91	-0.09088
3141.96	-0.103933
3142.01	-0.102387
3142.06	-0.110839
3142.11	-0.106939
3142.16	-0.122955
3142.21	-0.128975
3142.26	-0.125898
3142.31	-0.13055
3142.36	-0.126345
3142.41	-0.134028
3142.46	-0.136304
3142.51	-0.131461
3142.56	-0.125272
3142.61	-0.115886
3142.66	-0.107448
3142.71	-0.097414
3142.76	-0.094307
3142.81	-0.08548
3142.86	-0.081929
3142.91	-0.083915
3142.96	-0.078997
3143.01	-0.072316
3143.06	-0.092218
3143.11	-0.096863
3143.16	-0.088114
3143.21	-0.081686
3143.26	-0.102612
3143.31	-0.106471
3143.36	-0.100818
3143.41	-0.108674
3143.46	-0.101937
3143.51	-0.1068
3143.56	-0.100044
3143.61	-0.088116
3143.66	-0.079731
3143.71	-0.074443
3143.76	-0.064406
3143.81	-0.04747
3143.86	-0.039997
3143.91	-0.034475
3143.96	-0.038656
3144.01	-0.04013
3144.06	-0.039136
3144.11	-0.034709
3144.16	-0.046145
3144.21	-0.072511
3144.26	-0.082834
3144.31	-0.064974
3144.36	-0.067623
3144.41	-0.067729
3144.46	-0.074186
3144.51	-0.064159
3144.56	-0.067241
3144.61	-0.068903
3144.66	-0.061954
3144.71	-0.061171
3144.76	-0.069532
3144.81	-0.063768
3144.86	-0.053269
3144.91	-0.05249
3144.96	-0.056828
3145.01	-0.052586
3145.06	-0.056719
3145.11	-0.074671
3145.16	-0.078756
3145.21	-0.078972
3145.26	-0.08336
3145.31	-0.088606
3145.36	-0.08473
3145.41	-0.087087
3145.46	-0.074462
3145.51	-0.051194
3145.56	-0.034418
3145.61	-0.016396
3145.66	0.001272
3145.71	0.008196
3145.76	0.012028
3145.81	0.017044
3145.86	-0.002018
3145.91	-0.026018
3145.96	-0.047326
3146.01	-0.056055
3146.06	-0.083559
3146.11	-0.105681
3146.16	-0.109495
3146.21	-0.100793
3146.26	-0.087676
3146.31	-0.069953
3146.36	-0.053154
3146.41	-0.024399
3146.46	-0.006701
3146.51	0.011762
3146.56	-0.002211
3146.61	-0.015408
3146.66	-0.023664
3146.71	-0.031944
3146.76	-0.039361
3146.81	-0.030127
3146.86	-0.029758
3146.91	-0.049197
3146.96	-0.051168
3147.01	-0.043459
3147.06	-0.039562
3147.11	-0.032844
3147.16	-0.041874
3147.21	-0.041035
3147.26	-0.050202
3147.31	-0.043877
3147.36	-0.039788
3147.41	-0.041822
3147.46	-0.033146
3147.51	-0.047364
3147.56	-0.046891
3147.61	-0.03006
3147.66	-0.04367
3147.71	-0.051024
3147.76	-0.059012
3147.81	-0.057556
3147.86	-0.068477
3147.91	-0.072333
3147.96	-0.078587
3148.01	-0.086503
3148.06	-0.085404
3148.11	-0.092343
3148.16	-0.100307
3148.21	-0.091429
3148.26	-0.084878
3148.31	-0.077638
3148.36	-0.070592
3148.41	-0.065427
3148.46	-0.066907
3148.51	-0.058779
3148.56	-0.061788
3148.61	-0.058059
3148.66	-0.051174
3148.71	-0.037678
3148.76	-0.044529
3148.81	-0.04614
3148.86	-0.049282
3148.91	-0.039323
3148.96	-0.040179
3149.01	-0.040701
3149.06	-0.033455
3149.11	-0.040547
3149.16	-0.045772
3149.21	-0.040206
3149.26	-0.037911
3149.31	-0.055043
3149.36	-0.062405
3149.41	-0.067933
3149.46	-0.068489
3149.51	-0.067959
3149.56	-0.068072
3149.61	-0.049187
3149.66	-0.028804
3149.71	-0.00799
3149.76	-0.001342
3149.81	-0.006102
3149.86	0.003719
3149.91	0.006323
3149.96	0.005841
3150.01	0.000189
3150.06	-0.011408
3150.11	-0.035602
3150.16	-0.045486
3150.21	-0.063081
3150.26	-0.081142
3150.31	-0.093231
3150.36	-0.101324
3150.41	-0.089078
3150.46	-0.103597
3150.51	-0.109202
3150.56	-0.109041
3150.61	-0.119728
3150.66	-0.108901
3150.71	-0.103066
3150.76	-0.11056
3150.81	-0.093142
3150.86	-0.090436
3150.91	-0.10216
3150.96	-0.108528
3151.01	-0.091993
3151.06	-0.078324
3151.11	-0.067214
3151.16	-0.074422
3151.21	-0.065458
3151.26	-0.068148
3151.31	-0.072711
3151.36	-0.064084
3151.41	-0.055751
3151.46	-0.040277
3151.51	-0.042378
3151.56	-0.055486
3151.61	-0.058588
3151.66	-0.06547
3151.71	-0.072179
3151.76	-0.072886
3151.81	-0.080473
3151.86	-0.095878
3151.91	-0.105103
3151.96	-0.107825
3152.01	-0.121797
3152.061	-0.104022
3152.111	-0.10749
3152.161	-0.096023
3152.211	-0.074302
3152.261	-0.065158
3152.311	-0.048947
3152.361	-0.034224
3152.411	-0.017701
3152.461	-0.014182
3152.511	-0.005391
3152.561	-0.000811
3152.611	0.020608
3152.661	0.02468
3152.711	0.00111
3152.761	0.005696
3152.811	-0.004019
3152.861	-0.008269
3152.911	-0.003927
3152.961	-0.024024
3153.011	-0.038279
3153.061	-0.039613
3153.111	-0.039659
3153.161	-0.035924
3153.211	-0.033295
3153.261	-0.037425
3153.311	-0.041114
3153.361	-0.038146
3153.411	-0.04496
3153.461	-0.047672
3153.511	-0.037372
3153.561	-0.041281
3153.611	-0.047813
3153.661	-0.057653
3153.711	-0.069301
3153.761	-0.081619
3153.811	-0.08914
3153.861	-0.110786
3153.911	-0.113008
3153.961	-0.112536
3154.011	-0.112643
3154.061	-0.093565
3154.111	-0.0762
3154.161	-0.066327
3154.211	-0.049443
3154.261	-0.012745
3154.311	0.013256
3154.361	0.020096
3154.411	0.026215
3154.461	0.03702
3154.511	0.025569
3154.561	0.010491
3154.611	-0.004956
3154.661	-0.025533
3154.711	-0.040943
3154.761	-0.057147
3154.811	-0.061252
3154.861	-0.076801
3154.911	-0.072662
3154.961	-0.060765
3155.011	-0.040195
3155.061	-0.024463
3155.111	-0.018674
3155.161	-0.018697
3155.211	-0.019704
3155.261	-0.040073
3155.311	-0.042455
3155.361	-0.052672
3155.411	-0.07925
3155.461	-0.079181
3155.511	-0.079079
3155.561	-0.073775
3155.611	-0.068218
3155.661	-0.078427
3155.711	-0.082415
3155.761	-0.09893
3155.811	-0.128488
3155.861	-0.144349
3155.911	-0.151046
3155.961	-0.127215
3156.011	-0.091031
3156.061	-0.029471
3156.111	0.07981
3156.161	0.213514
3156.211	0.331079
3156.261	0.433955
3156.311	0.482163
3156.361	0.46551
3156.411	0.388497
3156.461	0.250902
3156.511	0.103979
3156.561	-0.046392
3156.611	-0.17735
3156.661	-0.271515
3156.711	-0.332026
3156.761	-0.339717
3156.811	-0.300447
3156.861	-0.219625
3156.911	-0.115075
3156.961	-0.023259
3157.011	0.040207
3157.061	0.101777
3157.111	0.140144
3157.161	0.146176
3157.211	0.134753
3157.261	0.099264
3157.311	0.039042
3157.361	0.000012
3157.411	-0.021009
3157.461	-0.054784
3157.511	-0.063421
3157.561	-0.059471
3157.611	-0.063809
3157.661	-0.047609
3157.711	-0.023674
3157.761	-0.00304
3157.811	0.018217
3157.861	0.039132
3157.911	0.045072
3157.961	0.058446
3158.011	0.057835
3158.061	0.060571
3158.111	0.06585
3158.161	0.059038
3158.211	0.052614
3158.261	0.046141
3158.311	0.051313
3158.361	0.039243
3158.411	0.014242
3158.461	-0.003626
3158.511	-0.01496
3158.561	-0.038405
3158.611	-0.079417
3158.661	-0.101098
3158.711	-0.111285
3158.761	-0.126842
3158.811	-0.120273
3158.861	-0.116528
3158.911	-0.124579
3158.961	-0.115033
3159.011	-0.098557
3159.061	-0.077939
3159.111	-0.071656
3159.161	-0.073671
3159.211	-0.061914
3159.261	-0.055771
3159.311	-0.035758
3159.361	-0.033082
3159.411	-0.033751
3159.461	-0.034502
3159.511	-0.030794
3159.561	-0.02622
3159.611	-0.024577
3159.661	-0.038089
3159.711	-0.037802
3159.761	-0.040137
3159.811	-0.049847
3159.861	-0.04785
3159.911	-0.050379
3159.961	-0.058403
3160.011	-0.06312
3160.061	-0.070344
3160.111	-0.081643
3160.161	-0.086391
3160.211	-0.086215
3160.261	-0.097534
3160.311	-0.112797
3160.361	-0.123561
3160.411	-0.146354
3160.461	-0.158836
3160.511	-0.152579
3160.561	-0.158114
3160.611	-0.162604
3160.661	-0.181254
3160.711	-0.187657
3160.761	-0.176108
3160.811	-0.166887
3160.861	-0.152852
3160.911	-0.149327
3160.961	-0.134823
3161.011	-0.138247
3161.061	-0.118932
3161.111	-0.098168
3161.161	-0.090669
3161.211	-0.083165
3161.261	-0.080072
3161.311	-0.072286
3161.361	-0.066125
3161.411	-0.055687
3161.461	-0.045675
3161.511	-0.022545
3161.561	-0.014282
3161.611	-0.017114
3161.661	-0.001225
3161.711	0.004829
3161.761	0.002084
3161.811	0.005221
3161.861	-0.008699
3161.911	-0.031426
3161.961	-0.037037
3162.011	-0.050957
3162.061	-0.067429
3162.111	-0.079605
3162.161	-0.089788
3162.211	-0.083304
3162.261	-0.082915
3162.311	-0.058535
3162.361	-0.061207
3162.411	-0.057098
3162.461	-0.054941
3162.511	-0.050149
3162.561	-0.040202
3162.611	-0.027391
3162.661	0.002209
3162.711	0.02734
3162.761	0.045518
3162.811	0.044433
3162.861	0.042291
3162.911	0.052163
3162.961	0.066761
3163.011	0.0624
3163.061	0.0563
3163.111	0.044517
3163.161	0.036296
3163.211	0.035091
3163.261	0.017053
3163.311	0.003412
3163.361	-0.012387
3163.411	-0.016294
3163.461	-0.031103
3163.511	-0.03051
3163.561	-0.025125
3163.611	-0.023792
3163.661	-0.024059
3163.711	-0.045046
3163.761	-0.0556
3163.811	-0.06681
3163.861	-0.093341
3163.911	-0.11115
3163.961	-0.129695
3164.011	-0.150951
3164.061	-0.172721
3164.111	-0.192219
3164.161	-0.227749
3164.211	-0.267339
3164.261	-0.282067
3164.311	-0.267512
3164.361	-0.258078
3164.411	-0.240531
3164.461	-0.224187
3164.511	-0.188288
3164.561	-0.162959
3164.611	-0.157277
3164.661	-0.135583
3164.711	-0.125097
3164.761	-0.132031
3164.811	-0.135746
3164.861	-0.139057
3164.911	-0.13622
3164.961	-0.137818
3165.011	-0.147737
3165.061	-0.156938
3165.111	-0.156999
3165.161	-0.158343
3165.211	-0.152005
3165.261	-0.134508
3165.311	-0.115587
3165.361	-0.109292
3165.411	-0.114232
3165.461	-0.113859
3165.511	-0.115148
3165.561	-0.113999
3165.611	-0.10909
3165.661	-0.102747
3165.711	-0.10311
3165.761	-0.109579
3165.811	-0.106352
3165.861	-0.096894
3165.911	-0.096399
3165.961	-0.088895
3166.011	-0.077636
3166.061	-0.053478
3166.111	-0.024635
3166.161	-0.001698
3166.211	0.010844
3166.261	0.024717
3166.311	0.033892
3166.361	0.039592
3166.411	0.041107
3166.461	0.056507
3166.511	0.0546
3166.561	0.051608
3166.611	0.053798
3166.661	0.054434
3166.711	0.0565
3166.761	0.057202
3166.811	0.043421
3166.861	0.037242
3166.911	0.025605
3166.961	0.015223
3167.011	0.004874
3167.061	-0.005024
3167.111	-0.020485
3167.161	-0.037052
3167.211	-0.048462
3167.261	-0.051461
3167.311	-0.05609
3167.361	-0.066119
3167.411	-0.071096
3167.461	-0.073453
3167.511	-0.071861
3167.561	-0.068081
3167.611	-0.05615
3167.661	-0.058305
3167.711	-0.063216
3167.761	-0.053595
3167.811	-0.057558
3167.861	-0.046467
3167.911	-0.044818
3167.961	-0.041197
3168.011	-0.033162
3168.061	-0.038372
3168.111	-0.044341
3168.161	-0.062999
3168.211	-0.082238
3168.261	-0.105579
3168.311	-0.129988
3168.361	-0.151244
3168.411	-0.169535
3168.462	-0.180127
3168.512	-0.16944
3168.562	-0.165035
3168.612	-0.176694
3168.662	-0.167789
3168.712	-0.154405
3168.762	-0.14638
3168.812	-0.134959
3168.862	-0.123806
3168.912	-0.113376
3168.962	-0.09675
3169.012	-0.065885
3169.062	-0.040309
3169.112	-0.015472
3169.162	0.028304
3169.212	0.068611
3169.262	0.086914
3169.312	0.102204
3169.362	0.12457
3169.412	0.130407
3169.462	0.122372
3169.512	0.12749
3169.562	0.109264
3169.612	0.085344
3169.662	0.059015
3169.712	0.023742
3169.762	-0.017704
3169.812	-0.057109
3169.862	-0.101453
3169.912	-0.143862
3169.962	-0.180769
3170.012	-0.187838
3170.062	-0.180908
3170.112	-0.176074
3170.162	-0.165868
3170.212	-0.140625
3170.262	-0.12056
3170.312	-0.10019
3170.362	-0.073271
3170.412	-0.039292
3170.462	-0.02364
3170.512	-0.030364
3170.562	-0.038581
3170.612	-0.047298
3170.662	-0.053621
3170.712	-0.062941
3170.762	-0.081666
3170.812	-0.094285
3170.862	-0.103082
3170.912	-0.110915
3170.962	-0.113958
3171.012	-0.099094
3171.062	-0.072844
3171.112	-0.047832
3171.162	-0.028233
3171.212	-0.013528
3171.262	0.008468
3171.312	0.028807
3171.362	0.050494
3171.412	0.03626
3171.462	0.02266
3171.512	-0.007875
3171.562	-0.039876
3171.612	-0.084808
3171.662	-0.121614
3171.712	-0.139479
3171.762	-0.150447
3171.812	-0.133474
3171.862	-0.11358
3171.912	-0.089693
3171.962	-0.052261
3172.012	-0.008436
3172.062	0.030831
3172.112	0.052853
3172.162	0.066519
3172.212	0.076084
3172.262	0.082354
3172.312	0.073239
3172.362	0.038323
3172.412	0.015281
3172.462	-0.004955
3172.512	-0.024839
3172.562	-0.02381
3172.612	-0.032849
3172.662	-0.035199
3172.712	-0.041019
3172.762	-0.048596
3172.812	-0.066072
3172.862	-0.110392
3172.912	-0.134976
3172.962	-0.160148
3173.012	-0.171373
3173.062	-0.180984
3173.112	-0.183422
3173.162	-0.186379
3173.212	-0.174604
3173.262	-0.144484
3173.312	-0.115168
3173.362	-0.101682
3173.412	-0.087011
3173.462	-0.089388
3173.512	-0.094164
3173.562	-0.098507
3173.612	-0.116085
3173.662	-0.134171
3173.712	-0.122418
3173.762	-0.099228
3173.812	-0.074941
3173.862	-0.071034
3173.912	-0.059875
3173.962	-0.031185
3174.012	-0.016645
3174.062	-0.012853
3174.112	-0.027071
3174.162	-0.028914
3174.212	-0.048207
3174.262	-0.073814
3174.312	-0.106776
3174.362	-0.124533
3174.412	-0.134697
3174.462	-0.13447
3174.512	-0.137169
3174.562	-0.134198
3174.612	-0.114232
3174.662	-0.092825
3174.712	-0.067387
3174.762	-0.042361
3174.812	-0.028022
3174.862	-0.011065
3174.912	-0.0122
3174.962	-0.013169
3175.012	-0.017125
3175.062	-0.036327
3175.112	-0.052505
3175.162	-0.070695
3175.212	-0.101711
3175.262	-0.126828
3175.312	-0.135594
3175.362	-0.14105
3175.412	-0.160302
3175.462	-0.151695
3175.512	-0.137454
3175.562	-0.123476
3175.612	-0.118601
3175.662	-0.118288
3175.712	-0.121059
3175.762	-0.112419
3175.812	-0.119485
3175.862	-0.12626
3175.912	-0.138937
3175.962	-0.153226
3176.012	-0.145485
3176.062	-0.138681
3176.112	-0.127532
3176.162	-0.11661
3176.212	-0.120987
3176.262	-0.092285
3176.312	-0.074018
3176.362	-0.086028
3176.412	-0.079928
3176.462	-0.097719
3176.512	-0.104909
3176.562	-0.126477
3176.612	-0.140523
3176.662	-0.167609
3176.712	-0.187057
3176.762	-0.197334
3176.812	-0.182725
3176.862	-0.178679
3176.912	-0.187032
3176.962	-0.168525
3177.012	-0.148352
3177.062	-0.125614
3177.112	-0.117954
3177.162	-0.09545
3177.212	-0.090366
3177.262	-0.085724
3177.312	-0.086458
3177.362	-0.090484
3177.412	-0.09063
3177.462	-0.100689
3177.512	-0.103749
3177.562	-0.10822
3177.612	-0.108181
3177.662	-0.123014
3177.712	-0.111366
3177.762	-0.112117
3177.812	-0.116854
3177.862	-0.109236
3177.912	-0.110778
3177.962	-0.107832
3178.012	-0.104206
3178.062	-0.101552
3178.112	-0.103435
3178.162	-0.102662
3178.212	-0.084796
3178.262	-0.084945
3178.312	-0.094387
3178.362	-0.100297
3178.412	-0.090729
3178.462	-0.10082
3178.512	-0.092842
3178.562	-0.09227
3178.612	-0.110297
3178.662	-0.106865
3178.712	-0.105771
3178.762	-0.113891
3178.812	-0.116637
3178.862	-0.115452
3178.912	-0.117953
3178.962	-0.117743
3179.012	-0.112309
3179.062	-0.11498
3179.112	-0.124375
3179.162	-0.11524
3179.212	-0.11958
3179.262	-0.125258
3179.312	-0.121536
3179.362	-0.103295
3179.412	-0.085981
3179.462	-0.077837
3179.512	-0.084601
3179.562	-0.077848
3179.612	-0.0808
3179.662	-0.071955
3179.712	-0.059665
3179.762	-0.076591
3179.812	-0.084682
3179.862	-0.093091
3179.912	-0.095692
3179.962	-0.09264
3180.012	-0.082105