0.04439289894720458
0.09756533461977146
0.10819210074428458
0.08083427943032294
0.054801465965076734
0.026662244988203323
0.001811010131322512
-0.016244999992951484
-0.04237681241082118
-0.07144016348423164
-0.09406638063588292
-0.10042966168981535
-0.09314075668260674
-0.08130757287477995
-0.06732094463449095
-0.049590615238762854
-0.03112961691828925
-0.002450783464144368
0.013698254885249896
0.018906603098875093
0.02585861959182648
0.02255654547376164
0.012758268063021772
0.009689846111220353
0.006313216520651186
-0.009088634581044574
-0.01591459176214977
-0.017719777679214305
-0.014862516812340156
-0.009744414024933147
-0.006333817453432989
0.0007937917673632502
0.011900910583232793
0.027589134009200583
0.038859454255497486
0.052887566750228474
0.06223995314743279
0.07064336618103784
0.07821029914639988
0.08104755031089311
0.09050945645849422
0.08387871469269523
0.0716052542453875
0.05997584053508975
0.04290123869555381
0.019571140690050125
-0.00671050239275425
-0.03584233745659288
-0.050059341819652166
-0.06333514985799446
-0.0742644374723947
-0.0680638976261027
-0.05850697925260632
-0.04202135804633587
-0.021179606954772234
0.006729722271855428
0.03193021754473494
0.04823943817317984
0.054863777855720504
0.05623784907969946
0.05208903826273277
0.04078409149342307
0.02262430121160698
0.011321246621391239
-0.00021708752382909986
-0.007202478270391869
-0.012401071998935642
-0.01892375273100729
-0.018776900667322793
-0.02290073987598044
-0.02561820911565128
-0.02445583015403544
-0.030084199878533318
-0.03901685597477731
-0.04049343813920397
-0.034413859722270325
-0.02591128924682296
-0.009177129614298476
0.002349569900877706
0.010562490921290763
0.022223684658674386
0.03669673669774737
0.04378931247937437
0.04476840486409927
0.04302995223623924
0.030373901144041548
0.011740146196065383
-0.008078373840655642
-0.02676551702240203
-0.0446100304700167
-0.06081210959699635
-0.06396958792306352
-0.06950665051458793
-0.07224079602566831
-0.06317317579764188
-0.048855052058400746
-0.037981664562801845
-0.01910057620885766
-0.002150954649314894
0.005607280636536614
0.007665154711131237
0.012660042907828158
0.009464131488801809
0.006257834415484225
0.001641679754809198
-0.013186615030809552
-0.026267545609156104
-0.040877394840854356
-0.051022825108316835
-0.050659284328763175
-0.053723582836823935
-0.04223254948016176
-0.03687437241819325
-0.030523612697935246
-0.01636627403551992
0.0008765591394668553
0.009594559475617758
0.014288133307176569
0.02352403919887337
0.027941635431837086
0.022942845791361688
0.017389980393393734
0.010431870571390075
-0.0013442596597202858
-0.012593763171165208
-0.028715889768815766
-0.044970756467713736
-0.054294343312856985
-0.06306142178188492
-0.06197107511623489
-0.05538230456764402
-0.040374555722792894
-0.021117632735612332
-0.004227160472116468
0.01607906743836997
0.026141375347317683
0.03811856511075737
0.04185527107214967
0.040663976261706064
0.026723089199622838
0.023309889678353003
0.00788889580027449
-0.002434885656809629
-0.010118234306580452
-0.01597193225960765
-0.018733948688455536
-0.01875692149809779
-0.01035877791784488
-0.012265870449361616
-0.013478808659229478
-0.011505125857941584
-0.010726374705024085
-0.0002734109793723264
0.00057055676804215
0.005604569356448222
0.012172024352157817
0.019486703010570355
0.025113704455352912
0.02489748202988907
0.027314039698608565
0.028747952237900717
0.02154035759983569
0.023690042621792858
0.015139030538829664
0.009520463740080391
-0.0017381183638637543
-0.011084006913661779
-0.01637330650789445
-0.02602700158161314
-0.022874095927539168
-0.024465668399250226
-0.02215378181433869
-0.020547315172274132
-0.011244609552910213
-0.00804270392223037
-0.0047835670945435395
0.000970667328297124
0.0036561973023198414
-0.0012374975842116514
-0.0020065227251537827
-0.0034206843554136232
-0.0022047775488817276
-0.002036650593056643
0.000039507859079735734
0.0022987197301703867
0.005761037102320195
0.0076060737629805916
0.009903564366787451
0.009530378631834608
0.011816734971666203
0.016687526002819277
0.01667488211708642
0.01847675324191863
0.015368907149011958
0.0252630138180669
0.02416049699311279
0.027615847526096776
0.024180966498328998
0.02263645416227202
0.020785811040845953
0.015069668798572241
0.01071100629694393
0.0015966763376370626
-0.012609227770000864
-0.020131110939155008
-0.02860422176989545
-0.029259788992206517
-0.031414493872569116
-0.026070244694940757
-0.023201669000868952
-0.011135126367280472
0.0010464680681665946
0.008468374559137756
0.017725316316569806
0.022325807983058926
0.02511627537483977
0.021593041277392498
0.025229675609523394
0.028917805214528206
0.018691989273293335
0.013543893063972797
0.0107840855879543
0.009064993949816868
-0.00017521755188975937
-0.003268117973414926
-0.004829105837156768
-0.0017418928068483742
-0.004342703061897244
-0.0009613836331500691
0.00014598133702860275
0.003013282233697233
0.00781813881335978
0.005930708670213355
0.008733207615557799
0.011578249357361205
0.0065039847009213
0.0022036334311574513
0.002486042526085842
-0.008644978705244683
-0.007677523804892608
-0.020937588631608006
-0.022243924100188973
-0.02501863366446656
-0.013627544641515972
-0.011069993410749558
-0.007933931768825495
-0.0007070546927223024
0.008136420191472751
0.009142003949057665
0.007161942519181504
0.014525296010195882
0.012668004658226203
0.009036084225017197
0.006164470979105473
0.014451484583538614
0.012574337454107833
0.008870961019591598
0.0037422455574132353
0.001678199850973214
-0.0004908070468277328
-0.009785021441725852
-0.012564944975763956
-0.014479224880522662
-0.01597962925292408
-0.022001054525525362
-0.011191465509142176
-0.00923959614530451
-0.010634991824892632
-0.0017193492143750266
-0.0028403594137698775
-0.00529226099815929
-0.005378948750599096
-0.004696439892768
-0.003964696552483173
-0.009419797404956484
-0.0041110388699636515
-0.005871240978823517
-0.003042248993257643
0.0016537664597161411
0.003687974610816225
-0.0031047280232434195
0.006817160752604371
0.007885487822390175
0.0018154676751338562
0.007006501507351379
0.007301905186863209
0.0038554366576340126
0.010266484797628723
0.010951965471226443
0.013938967622655642
0.012730585770094166
0.01021560970539379
0.00046169644439612444
-0.006353028598454766
-0.007587999392862715
-0.016447735323271248
-0.020044819180799114
-0.02100154903044582
-0.019428495615051916
-0.021408680590650583
-0.021985418940999903
-0.01839002672934684
-0.014283440869646563
-0.011797687258781877
-0.006735167168189977
-0.003507032055580586
-0.005332093865544728
0.0023444413595008692
0.0033035240584441358
0.004147562239294292
-0.0012903928622112215
0.01825137189001245
0.002150788296945927
0.003638353345144207
0.012834301879736588
0.016613385568766733
0.014700067145537088
0.01499127307010571
0.014427758922426148
0.01801975298247967
0.018539125854101106
0.01610942510362655
0.023586346522768822
0.030552009924616142
0.03516807087858136
0.04322542553680484
0.046690642189968684
0.05566503505458642
0.05039745166451449
0.045816885702767096
0.03462186940615986
0.024107618961639873
0.009369964293082065
0.0007279118515011398
-0.0032276651601823836
-0.004924755485833463
-0.006915599496650353
-0.0068202444067256415
-0.0014234456963101577
0.007416041261400154
0.012763139153903431
0.017595646322309436
0.025292092849409236
0.027746564422267937
0.03954387550518139
0.038692403099605054
0.04228375242270817
0.04955975757001518
0.048817525287642806
0.05147312698261164
0.0555599555996197
0.06259205341159857
0.06918610096544049
0.07748702008370557
0.08717727515105052
0.09411659477244977
0.09546938029317156
0.09852975657339481
0.10514220318252161
0.10830369557589252
0.1045711022673641
0.09435685754481504
0.08205046987830977
0.06809379666794127
0.04953591988098743
0.04067680876840471
0.029320733312449703
0.03341262269620845
0.030164842020673332
0.029213486371252633
0.033286594903107085
0.04099839151013041
0.05045795167613712
0.05922665156002909
0.06373214718584919
0.0718359794818569
0.07356317933178376
0.0735973874623658
0.07989583311202042
0.08121281999729736
0.07955118905936365
0.08132174880284537
0.08286333734293957
0.07940398551400282
0.07751777958755929
0.07638977922830308
0.06564021283358278
0.05830045116741331
0.05362659909497815
0.04577356237611893
0.047374065138919834
0.05146055806864984
0.05739845291952599
0.06682130148203007
0.07411612037091954
0.08396770888164908
0.08736596920317823
0.08514593237315142
0.0898987926978419
0.08930580964448208
0.08683965421541977
0.0798349822758858
0.07685460957139902
0.07354550730242097
0.06855585738876567
0.07139703572715396
0.06864097559960511
0.06949269914607849
0.07209459427460395
0.0862257843100507
0.09421322495738017
0.10042424508275073
0.1132853958440704
0.11478622636312025
0.11367976811828934
0.11690300831606769
0.11470108744914922
0.10154695188104908
0.09083087871854947
0.0752285364585725
0.06408448405487814
0.057752506423036726
0.05518373425905732
0.05432272460340118
0.05912033093224436
0.06375330918545494
0.07001012544206547
0.06773518163323859
0.06823825965531775
0.07216055545573635
0.06925544032426839
0.0599526275074116
0.05871453380876165
0.05743531323884077
0.05393652331773755
0.051366214459529456
0.05395107691540405
0.06282430390648985
0.0705848278913931
0.06934547887047353
0.0687784346688941
0.07517814166079917
0.07763552485030599
0.08069636495472848
0.07950389756980997
0.07521761515106962
0.07062740929286836
0.06665800815848372
0.06677188816960358
0.057914991001986826
0.052518946960138944
0.05351459227876895
0.05364054386879457
0.05324456943438459
0.055219484121404636
0.05833833953808823
0.06221462531155573
0.05323466697515428
0.05461520708034782
0.04806915397896871
0.03553187514823764
0.02362428732789005
0.016390534534743015
0.004993945427158399
-0.002620178573498311
-0.016755226903359125
-0.026228269608288057
-0.03308550572403712
-0.03329595987784472
-0.0369874952286151
-0.023048032423030777
-0.01216879613574481
0.011309640558976377
0.04990425338353435
0.09758747396968401
0.15450471116956857
0.22406939829508857
0.2950593670344079
0.3728832775042335
0.44996446164240117
0.5065823858893868
0.5453485310631877
0.5429580693397168
0.5032451463087978
0.4227999715080518
0.31271947711278747
0.16342420627402654
-0.007690342395726443
-0.17373245651978522
-0.31411513077997516
-0.4034541641249396
-0.4446138924864559
-0.4295279718105722
-0.3652300788230357
-0.2612078806879245
-0.13830868660884554
-0.03504963413367642
0.03592016270691858
0.04767534328241211
0.002508352393417969
-0.08631486731939755
-0.2007216957525456
-0.3269466979405794
-0.45121958141432444
-0.5567103567860386
-0.6308384175675149
-0.6882701260672259
-0.7632759646072184
-0.8774524681125488
-1.0246789079997733
-1.1900794100881664
-1.3418199114495393
-1.4323761859516482
-1.4080007789650901
-1.1924375081112726
-0.7171888510999426
0.031196552265336925
1.0049092385382197
2.1310179568952967
3.3277913939266113
4.479720513474069
5.458829580764786
6.0776872866786285
6.233841326626695
5.882986860831278
5.016879710816552
3.680567103390449
1.9330785567229836
-0.032827709463761255
-1.9772541104794454
-3.6818219517694866
-4.962911853481672
-5.688408665462797
-5.789543533131941
-5.279384026786446
-4.321551547508158
-3.152757275683297
-2.0173843331915817
-1.1178384583325707
-0.5736042824096144
-0.3947988509697136
-0.4752791656739242
-0.6135022024130428
-0.591011047332406
-0.2387099752983476
0.5145876080627498
1.5649140073292611
2.7000549211902123
3.6031729125443035
3.959960869560554
3.570132802773151
2.4088443617241526
0.6391778958728834
-1.3763688205787818
-3.209110856730009
-4.416568873614795
-4.699431879516399
-4.004560703649544
-2.467107755373766
-0.46796902086257813
1.5490880375270406
3.16947830021648
4.087005482219636
4.186504087510115
3.5635406553919124
2.437782759488963
1.0992904679897437
-0.17214874494017604
-1.200962106185742
-1.8886396667842789
-2.227389451842096
-2.2446220926084504
-1.9723782766549078
-1.443194861999248
-0.7118824313886749
0.1448862199567942
1.0400051934126757
1.8079782569880236
2.305533583749726
2.433087939322515
2.1567684924176382
1.5528298184610634
0.7676306987861088
0.004486351010521223
-0.5929627802881419
-0.9318771570205697
-1.00265711064256
-0.8747881821547487
-0.6470194596858001
-0.400174918766366
-0.1884699364572897
-0.018484515184006973
0.12817671120722599
0.26922685446392675
0.3873003006483631
0.448601356594662
0.4210852025444579
0.28782798125257275
0.06801563970540452
-0.18679674925262274
-0.38908786428365993
-0.4861742693064098
-0.4453101227604625
-0.29873783896159545
-0.09790936380298847
0.07158081960699268
0.17418988736405663
0.18814810652026825
0.13185421478756723
0.062273487144020895
0.0103259249028411
-0.011662057558287451
-0.0018710098862061999
0.009187583166377092
0.02365243755790922
0.054740106671790835
0.11291494322917009
0.21200713628307927
0.35321388024838785
0.5028752325715948
0.6045594684149096
0.5978169358144734
0.47149687238762367
0.21672549965895774
-0.1080562046093487
-0.42454507406489167
-0.6580678621224151
-0.7518390825467459
-0.7158676722025007
-0.5432668541812823
-0.2770703717344049
0.03265662541147868
0.3517281199518244
0.6468482916579845
0.8783598032783615
1.020357484921277
1.0303896217191941
0.8979976961346138
0.6334491382054143
0.23792155750445698
-0.19775224769433378
-0.6107130251820196
-0.9197154497967899
-1.0663325075121728
-1.0437028078129047
-0.8503397109541199
-0.5342921162212688
-0.15074067307913994
0.24509525748625186
0.612788933422729
0.9002173844040882
1.0846722124838295
1.131552850999667
1.0186969303263913
0.7497313877933408
0.3565896254925909
-0.10210661447115693
-0.5407443376620931
-0.8682686738152029
-1.023765001006005
-0.9951966011159162
-0.798796563784485
-0.4933566623059043
-0.12021583933648144
0.26275084885701244
0.6271250131951246
0.9320494627396854
1.132248799966606
1.177076453126884
1.038594009906761
0.7367284854913728
0.31099287592526076
-0.14462654816142514
-0.5399265643963537
-0.816141293820394
-0.9294087575207436
-0.9064764253634623
-0.7565158139538384
-0.5078192753490247
-0.19219213523483158
0.16422179406638465
0.5133783893338527
0.7937845430043508
0.9628486203368644
0.9801341288427935
0.8434998725544929
0.585537779890928
0.25894066622519607
-0.09268557130666863
-0.41586507811082585
-0.6784404091995194
-0.8315543160523626
-0.8498791549621754
-0.7172281341685226
-0.4735080985872969
-0.15532489808341318
0.1480600945644188
0.3881108986739463
0.5432047145101795
0.6064711121582301
0.5997418121407775
0.5348004182891973
0.3997144408329094
0.17749982781831813
-0.08735644491817969
-0.35436308389062654
-0.5371335823160497
-0.5765538811379197
-0.46941146133087247
-0.2602718733990707
-0.02971105965467929
0.152503517218766
0.28831783053435106
0.40261085670884106
0.5111013697486864
0.6022611041082524
0.6305990989782628
0.5663862879922429
0.38896279151368834
0.1420227980255598
-0.07971347466501508
-0.2254470383665699
-0.26873960148356973
-0.2660812967402484
-0.2519001223447294
-0.266011371488217
-0.2890138449017009
-0.2626885511645304
-0.1794114659301165
-0.014643373678779117
0.1684858281510667
0.3003823663604441
0.36869351397708977
0.38083895240708493
0.36477862885353235
0.3255707305789133
0.268882539046897
0.14912753557465472
-0.01716261641497318
-0.21322768286409083
-0.38029678253654847
-0.45082493323213296
-0.4007548561965953
-0.2667930063074851
-0.09951734276599494
0.06489917651252068
0.20223354536014235
0.32842770721499165
0.44800598763535054
0.539079651664317
0.5676210488311045
0.4997417308609796
0.34879094640754693
0.15982340085167931
-0.013030307600992032
-0.13142595856329187
-0.20142515546213302
-0.24411604731914047
-0.26820494780729465
-0.2837306029767198
-0.2701815634017289
-0.2018882836093828
-0.09698675074678044
0.01745779105766032
0.09658044090187577
0.12426257639335665
0.1034565748892714
0.06605523068869426
0.03577387996067968
0.027289529435918704
0.03966446052082735
0.049303655847076876
0.06139891516235331
0.06308820318997854
0.0507911946921491
0.022050773145225175
-0.026116512098285884
-0.08408779758219279
-0.13269363757172217
-0.1552448252011833
-0.1583018439403512
-0.14398908916056344
-0.11879351424764904
-0.10892440820252133
-0.0700067002397632
-0.010781602154207065
0.08187020253069313
0.18815413423788313
0.2633668858009588
0.2741295912532697
0.2086523891766232
0.09964275135730608
-0.004864401258313205
-0.0800862109123477
-0.13881474772004773
-0.1955741233023442
-0.26352777342018874
-0.32059148062587883
-0.3354604718423246
-0.28275483612408964
-0.15299465756115346
0.010343853111939246
0.16069990377810675
0.2513906967992802
0.28368198370184605
0.2757470965279904
0.2526390163273342
0.20509952790186434
0.13236911003447144
0.02500722802157165
-0.11818786114839619
-0.24904961628904973
-0.3318346537148975
-0.3471439220411997
-0.29225274493618414
-0.19106523120773664
-0.06560010390914525
0.07243566718245376
0.21443840787068488
0.34682204714874687
0.4383249014929162
0.46190503918407033
0.42364895659110774
0.30793660904468756
0.1467214771183741
-0.026035988491435798
-0.18625973737109708
-0.32591074456053337
-0.4281175970180405
-0.47061818340275025
-0.43835467451555055
-0.33584377386190645
-0.17079424337963522
0.011729210667582346
0.17594771396259412
0.29771166945370003
0.37821458449081485
0.3955940690416947
0.3523278736417344
0.25394096953147915
0.08975916689054998
-0.09984762921414023
-0.2752805775148813
-0.4106879183496458
-0.47606304447658204
-0.4691455425789803
-0.4057660222328193
-0.30081983517982164
-0.15879857104613196
0.021756834535931854
0.21671943870714014
0.38547570409915005
0.4910406948379853
0.5034142863027982
0.4242224753006387
0.28571716493770677
0.12682271518289162
-0.03219953887729654
-0.18058143342155603
-0.31423661441935935
-0.4155004279381017
-0.46811103436234247
-0.436951673368235
-0.3200493915097066
-0.1490646736153116
0.056308424519184774
0.22364356887936743
0.3469246746232336
0.40767159046203105
0.39878409955831595
0.33746830413978024
0.2134660252141543
0.05348507103974711
-0.12917407762402422
-0.30632054425095434
-0.4407568675794844
-0.5152196330797926
-0.5250479474124752
-0.4586785293261623
-0.3219479426916589
-0.13944600668940585
0.06139818160234097
0.2469135836126555
0.3888772693358957
0.4577163988533958
0.44627450184671474
0.38675447470953056
0.2781846941382739
0.14308312386533384
-0.01680529745152359
-0.19476196668816664
-0.36339221013259904
-0.49369541196594086
-0.5351661074656443
-0.4904746545684928
-0.37517220843770516
-0.22560551351394942
-0.07146769592969246
0.06921869678939221
0.18113977552227567
0.2664328665019309
0.31676142681504194
0.31558205031889547
0.24763315469209532
0.12288135624307919
-0.03585058706147202
-0.19006941294849983
-0.3095877399546605
-0.38892907500049256
-0.4270788642584372
-0.4099822202287037
-0.3565638135111478
-0.2544799803152968
-0.12287791263628807
0.012776610885702182
0.1491996621311746
0.2609574947184851
0.33102798327060406
0.3551982965246126
0.32995232015389514
0.24648136983984734
0.12097862294465338
-0.03573276143616142
-0.18355981668436733
-0.29522206188968036
-0.3603401590469696
-0.3623094033295577
-0.32678937913990375
-0.26110406727983787
-0.15581122313523185
-0.02944807327346967
0.1092616642868716
0.2265096331861158
0.3025000868553785
0.3119661878609437
0.2634396872787601
0.18679160164299
0.08149843179688195
-0.017511515716253777
-0.1233379718251724
-0.21382632462568946
-0.27977945533611376
-0.3122096458898098
-0.28429171191812924
-0.21219510987421084
-0.11334673381817299
-0.008103492679812682
0.0864303055460858
0.14767636341843715
0.18251537117633154
0.18782112360859315
0.1621134640983573
0.09458894693080269
0.006241166036047139
-0.09972722894647722
-0.2019203446970856
-0.2761705370691843
-0.3098002659180246
-0.3197491184494098
-0.29618390836468966
-0.2335482262820621
-0.15028277614841395
-0.05919709179050188
0.02811973992036094
0.09571167173344436
0.13198656933542663
0.13629101717847217
0.11878151031828148
0.08261764666586248
0.03406831489006596
-0.036975474575844776
-0.11522438372861148
-0.19183976235379693
-0.23336363368045115
-0.2365285785939257
-0.2048824284419822
-0.1526580101679573
-0.10270237404815521
-0.05791052738985538
-0.012735543141659606
0.04875943005343904
0.10558221883024202
0.1497218318528057
0.160017306889914
0.13606121973748675
0.08468112537639823
0.03746553824679409
-0.008321733952678883
-0.04553445321815579
-0.07536689843032351
-0.11361122111012252
-0.14336450414855684
-0.1682092416711012
-0.16857709126796253
-0.14613535736445563
-0.11760161382871802
-0.08002108228837454
-0.05421770786333946
-0.028773227740309996
-0.009065004609351406
-0.0019050478069093748
-9.359388433207809e-6
-0.0024378118589339064
-0.013751319391390925
-0.030033224743792924
-0.0469870454421654
-0.06872821730478462
-0.09360012736486649
-0.1167772012079878
-0.13446250105991153
-0.1439837659300426
-0.12247673652566823
-0.0926533808193482
-0.06543391045862387
-0.04687954472243558
-0.04644646922758718
-0.03581074872612111
-0.017393995638059396
0.0005540051178901816
0.01932673774192062
0.018623800282897895
0.003940802610718779
-0.04446857237528448
-0.08495228555834089
-0.11095122267813151
-0.12627724902181459
-0.14561327795016368
-0.15390172174877023
-0.16311392108276732
-0.16051758807248684
-0.13489025534025767
-0.10563890267278307
-0.05481587359392414
-0.009004215544521734
0.026367551174165227
0.05950285126404882
0.08269185487012125
0.09507411383997649
0.0891643627420738
0.06884270516014226
0.04286732638179246
0.008675884140232439
-0.020286447495518674
-0.05666081392235915
-0.08422220230759798
-0.10754394470580869
-0.10505722498616578
-0.0738354333752806
-0.028327906072051844
0.03195511894245493
0.08251847333539337
0.11226128738319646
0.1259117251548632
0.1256841570573631
0.111331083771659
0.08258783491725613
0.03178728777118326
-0.03733617072966243
-0.1109809041457279
-0.18739598083778217
-0.23204083225122044
-0.24645934358767807
-0.2206087384189516
-0.178488949704561
-0.12030487842818782
-0.04496117413421556
0.03311484723221866
0.1022022800825236
0.15301891221189867
0.19229190383374561
0.1973854501089272
0.16986875470386978
0.1269929706560168
0.059545803850768894
-0.0071444726766898255
-0.08365541529904119
-0.14476860043348572
-0.1819108480596204
-0.18759955324905625
-0.1680065451114032
-0.12747228130199487
-0.06402301454356388
-0.008066573434395931
0.05167945116816741
0.1176335807433837
0.15614032265996092
0.1737450803903327
0.14911762457879402
0.09778210271318967
0.02673129943153271
-0.04731607795245539
-0.1149838683222526
-0.1663520680987571
-0.19879747770029632
-0.21412030206154956
-0.19704126146614687
-0.15620413814424217
-0.07816184945420675
0.00962269751442373
0.0933039136627017
0.15791124972825982
0.1970519480781834
0.21045656571427443
0.1881731632809699
0.14922171790390923
0.08403778786327484
0.00006666066752980296
-0.0886607112217938
-0.170658857317941
-0.22983752962209572
-0.24517311253911003
-0.24056299715152185
-0.1964389220145912
-0.11933925950102121
-0.03474030832690283
0.054091769955469944
0.143573029005165
0.19682409763378897
0.2183333678810215
0.20779633903003578
0.1616218484818762
0.10080836762948187
0.027881742040135105
-0.05909506335833778
-0.147849146471035
-0.21966218646760266
-0.25934739805125934
-0.24927614287878733
-0.19924844337076225
-0.12135342095735864
-0.037505532805895296
0.04941406077907948
0.12312746680442796
0.18759454164816297
0.22012399151238385
0.2348311306353718
0.20045955017158232
0.12292882290185597
0.027607578891678752
-0.07828145582115384
-0.1657242267508307
-0.23719122927794853
-0.26373824816696023
-0.248435550006136
-0.21022838286518933
-0.15113991928670803
-0.07059019194738679
0.01837108175507746
0.10454527308838554
0.17195411878000602
0.21116862622676105
0.21318479548482425
0.17806279141276665
0.09880656892249251
-0.00041088042925285486
-0.10277031363767959
-0.19676535163577308
-0.2633225830238145
-0.29725063289404646
-0.29251329550640365
-0.2656525482025028
-0.20688530180141734
-0.1261937299535267
-0.031391795406457174
0.07056937983916463
0.15811299048806185
0.2084265201580628
0.20939982407786356
0.1719952661377153
0.10217371742601845
0.021819243496376962
-0.06748430191494617
-0.14906427247569862
-0.2160459061335798
-0.26503756372979786
-0.27617179108723844
-0.25494382465663484
-0.191768431933467
-0.10657858766986425
-0.015093647874415448
0.07460775702007073
0.15642358433210177
0.19605345243705322
0.20947040471033307
0.18844690620251767
0.1341667821984478
0.06735067175357717
-0.007149404618203607
-0.08458412415694311
-0.1442211600187968
-0.18723699654587997
-0.2131168373256415
-0.20738609014339654
-0.153344361446091
-0.07956841760529795
0.003435258878382615
0.09363563603304571
0.15197899532766843
0.18256933903002956
0.1995882690222576
0.19378351816262254
0.16611818442117088
0.11514213832655935
0.04728862503357072
-0.0372256318096854
-0.11058478565897065
-0.1594536670500408
-0.17509264778319647
-0.16027136007287204
-0.12467572335853833
-0.058326624169348695
0.0011708246430043522
0.06818254621648034
0.12239739018937236
0.170715474268151
0.19842043415642166
0.1942335967409755
0.16065921275752862
0.10400147439356015
0.029154171898759608
-0.05240261147346571
-0.12260889104573222
-0.17703381721580097
-0.2061043239096161
-0.19787254628089632
-0.1640884868969317
-0.11167172808035392
-0.0478125226171204
0.024390917581853685
0.08880788003509628
0.14458913232721649
0.18023826983398425
0.18811375601913236
0.1652347396164527
0.11658146456429994
0.05396195444309013
-0.011435424758970447
-0.07376764985250214
-0.11755074546183447
-0.1457882135031948
-0.16571630806312942
-0.1593563420495104
-0.13073783730542934
-0.08340471973228004
-0.02862220420928353
0.029595910486177462
0.07796766908195442
0.09935753733089162
0.1059681574902334
0.095043530458161
0.06494124172120615
0.018972020252363442
-0.041793169891585664
-0.0969103003419013
-0.1435006055377586
-0.1723579744650479
-0.18281132728188892
-0.16977738696438605
-0.14423952733626264
-0.1075878142159559
-0.0552209247903077
0.005762055507420755
0.0645139553812485
0.10238313321271159
0.12156581240136466
0.1183342360996484
0.10523933682302132
0.06844829055068934
0.024879770177498185
-0.023965813558530943
-0.07489619027241316
-0.11748112220195618
-0.14410905464883234
-0.1364421835633317
-0.10985623393651085
-0.06523050075964107
-0.018898112332297785
0.026667567414000917
0.06552221531191262
0.09727435294622169
0.11619500556226289
0.12275153664895996
0.10295077314265826
0.06364568435852103
0.008836978862805168
-0.04420311106213915
-0.09699039166617705
-0.14091062966434365
-0.16221618820891046
-0.1641287630662586
-0.14898495881692994
-0.12180977360253048
-0.07492067534995686
-0.03518309118193842
0.011587523581980829
0.06499842413404569
0.10695369165854482
0.13739702388828678
0.16107080627588705
0.1584432965315275
0.1389655091718843
0.10230854786034047
0.061734581983299376
0.023735067462169395
-0.015936391585943763
-0.0397095133690042
-0.06800982680400129
-0.0803756372579098
-0.07494618094600443
-0.05089614132351732
-0.01606676476596438
0.03374934244537568
0.07705104273774613
0.1068786768121827
0.12554000662133072
0.12945631876019614
0.12375095720238481
0.11921208959808323
0.09583388028436546
0.07277274229964624
0.05031993432435139
0.02133261454666222
-0.004093190036215971
-0.02523493547198121
-0.039024079233228634
-0.04329209130463334
-0.046516431800011415
-0.04095651819819033
-0.0328911049670821
-0.03142452604382971
-0.03234972956293638
-0.036459135562186315
-0.03873331238466872
-0.045793597463166906
-0.04562083583342348
-0.05344543960038636
-0.0689892045853219
-0.09440260515430508
-0.12027140574997566
-0.1311954937999036
-0.14337572115109765
-0.1497161037959825
-0.15650308445088754
-0.17891008686043355
-0.19363321989634072
-0.2145677152170552
-0.22185010591916482
-0.22044638218988805
-0.22503116016680672
-0.22886771336815348
-0.22873687391012035
-0.22495599199964783
-0.20817304505035622
-0.1783010506986735
-0.13241893852114223
-0.06073339291935864
0.012684819085959295
0.10458558940176824
0.19872240156721632
0.2939686574591849
0.3786969875305795
0.44664054353703964
0.48362782046833763
0.4928759742802212
0.47516139338049623
0.42385880036797247
0.3387626258934622
0.2302752718286184
0.11680994434722437
0.015949527472983116
-0.07256298290933814
-0.1385814660326198
-0.17590650137763453
-0.1945324254919373
-0.19087624252133498
-0.1673597036690677
-0.11547516690398839
-0.04868104390387941
0.021508476594992915
0.08241855301608632
0.14703627771131575
0.19562797256653744
0.23333611657853287
0.2416820530407992
0.23214902193268871
0.1946255926180246
0.11994033139593312
0.022105855085790854
-0.09159391905050872
-0.21172395689531004
-0.3159644748748954
-0.4027481892137712
-0.4464647098414639
-0.4415234230796924
-0.4115829375132207
-0.3257730400001548
-0.20796547309178362
-0.0748838044530995
0.0736479303960635
0.21408103812732437
0.33409517985903947
0.4173175752287083
0.45309577779138205
0.4368146357530255
0.3933901810097784
0.3210427016702847
0.2355413586118046
0.1505628760252117
0.06806432573633797
0.004625598493248197
-0.045368242739163074
-0.08047852713400794
-0.10790616416441924
-0.13481561578877754
-0.18312080965973948
-0.2393130807770143
-0.3034758565870425
-0.3649764989631486
-0.40588279641803116
-0.40232426953854566
-0.3579578485802059
-0.259720028947839
-0.10562096893823478
0.07294038419023127
0.2519266213670211
0.4155631351013916
0.5250747643630089
0.58024140507955
0.5612796945374455
0.49428602682999995
0.3652265768948413
0.2256954339422301
0.08618777437404769
-0.02822405627370727
-0.10384451651109107
-0.12892365505826936
-0.11328901804680636
-0.07632552664221373
-0.04499540141531681
-0.02988880429234413
-0.0307151647399562
-0.05123985772469277
-0.07945648366404195
-0.10155934569268638
-0.12142656426803579
-0.11758963078678258
-0.10589681065496749
-0.08304950935739988
-0.04832114149320209
-0.009642363054666682
0.02117181358672328
0.03910733245659925
0.037612573497849106
0.028690076122543887
0.0016580412894097454
-0.014743631617944253
-0.0161653954926754
-0.01296546672130337
0.004808335651647743
0.03491287241485038
0.07529591231543255
0.119032957145782
0.1670067986366266
0.21067975099915365
0.23816929247789048
0.2527523985309703
0.23780376813437668
0.20630785768877377
0.15095562520255662
0.07140465288039155
-0.01398644924508953
-0.08803631183836962
-0.15054827196264345
-0.17933350410468127
-0.16403292234910033
-0.12837220781544495
-0.07698291818779535
-0.0027749421224382213
0.06681186126183099
0.1205296859983157
0.16003628980226142
0.1602289251956725
0.13413428789380755
0.07467249689666536
-0.003276428030648572
-0.08290471359195313
-0.15622831003480814
-0.20574358773514045
-0.2377272864066728
-0.22558147921800759
-0.1754605958180607
-0.08628208042442528
0.0268269856170325
0.15608103178569752
0.2767322501347766
0.3697833420081794
0.4151560939199589
0.41974474616863533
0.3679812928578785
0.2728099299899187
0.14936010942129582
0.01935349545314925
-0.10176374063986061
-0.20266313064412997
-0.27537589789856115
-0.31894723813700515
-0.32408564073133933
-0.2923801325317313
-0.2210168705118394
-0.12118151928891246
-0.012941872923416224
0.0878292898335141
0.16240452618512263
0.20406664387154136
0.21600595807207343
0.1784438485299318
0.10807929779151013
0.025178507845260604
-0.05057392677901071
-0.10428110650762416
-0.12426169580151374
-0.09518132618445409
-0.03811531364398103
0.035719309604958595
0.1227456287126527
0.19998138172407529
0.24645520640129404
0.26624288992577594
0.25410246611405535
0.21737772688011292
0.1604152494424538
0.10264256650092368
0.041564551841443975
-0.010484990809671873
-0.048372860832285244
-0.07265388393171664
-0.07523658737348646
-0.049748725779366246
-0.0028223049455156895
0.0463130480141715
0.0947940647349724
0.12396557348571773
0.13319917886159277
0.11861375070043934
0.09675320667840882
0.06820945610398471
0.037032477897447715
0.02106702575303929
0.01076079246717015
0.007855235714817723
0.007192911076634112
0.006556134423945604
0.015199545137488512
0.01745101664215221
0.028331182179863645
0.03843216601220321
0.05846678422743116
0.0841726910925095
0.10437191490463034
0.11931999988280743
0.12627190617913653
0.11605960151186703
0.08863435511523841
0.05387162392659403
0.017713294466241186
-0.012395308453742326
-0.03513075639733381
-0.0475692899595898
-0.05916229458850833
-0.05969185128333922
-0.06374563090047565
-0.07143171304668267
-0.07540233609384994
-0.06794099036271188
-0.056840784903895054
-0.037019723693491116
-0.013110541324058828
0.010745151636926383
0.023125934983095984
0.024769670580732893
0.015839122178173085
0.0055302520730135946
-0.003978220900444976
-0.013386167681807115
-0.021272799419129077
-0.02586260308275932
-0.029521686354798113
-0.01980060666731444
-0.007235309191281923
0.016025332665804554
0.044694260321301624
0.07500668466402756
0.09725255165265077
0.11959155817575579
0.13844171510283426
0.144241376052516
0.13258455914763775
0.1093812597641478
0.09281981780224936
0.07375339478914218
0.05592334924137259
0.04478878992099855
0.021045598131646265
-0.0005352017599289877
-0.013720114809786233
-0.024535987374294327
-0.024162242568226237
-0.01920281220695316
-0.00919204349427238
0.004687957713423072
0.02001008195996891
0.023207547958953023
0.020684663669934045
0.0029877416393208137
-0.03363534735735827
-0.08254328022828797
-0.12495850019342823
-0.14651783639551386
-0.15283434543718422
-0.14213454358854788
-0.10266456448344126
-0.0515954902899653
0.007759881095441835
0.070620474598346
0.12375001603829414
0.16527780477581783
0.19495451571161537
0.20098030814911963
0.18294975537925265
0.14914136061684505
0.0981638021449804
0.027232614671138196
-0.05395783655167913
-0.10597724137510073
-0.13966417284223365
-0.1529289978829286
-0.1437306246782803
-0.1295754652416357
-0.09728952773619992
-0.06593163762770435
-0.037479913877631395
-0.007567138870791065
0.008476715404058177
0.008504804518688031
-0.005591136441661635
-0.03340002266953286
-0.06421951699001532
-0.09823904234585393
-0.1292734016310529
-0.13770775036936406
-0.12766295120448018
-0.10416985683188866
-0.06863748387129479
-0.009934518395629971
0.04950866916417007
0.09649372849523435
0.1381137972680431
0.16534254069971335
0.16632895440887893
0.14580362636526895
0.11036372287050666
0.06360002307786417
0.013179335364159082
-0.035708929190123924
-0.07360899722435416
-0.09965857677830922
-0.1146202903749377
-0.12290382097599384
-0.12060977923009192
-0.1062777437528179
-0.09497035368213538
-0.08023661781169898
-0.0643504565435259
-0.05996207965252277
-0.05490171143180297
-0.062314537929359724
-0.06767184162322515
-0.07590242860147377
-0.07950177749981996
-0.07746627142742821
-0.08860504959157674
-0.08983430153200744
-0.0937469187987333
-0.0917336667926745
-0.0791930649996747
-0.06075559799088402
-0.032425909620824034
-0.00516705763659547
0.01788655631685598
0.04272087882225874
0.062068016911073255
0.07937612212375543
0.091823899166737
0.09497930484904375
0.08903055455931179
0.07011192484864959
0.04022146533339073
0.005524216925273617
-0.03759698168639617
-0.07905181491195247
-0.11002467769618345
-0.1215573164607745
-0.11582845104039793
-0.09412798987978026
-0.06846562768495111
-0.03347380072259929
0.004839291477071323
0.03484223761598396
0.06572334893377245
0.07725217271552827
0.06327160027190122
0.033432531705331295
-0.004601915807516206
-0.0510430064247533
-0.09503309554970163
-0.13187775833354556
-0.14882775642976223
-0.15609032011059956
-0.1413210423413934
-0.10454168867411123
-0.05711946089350337
-0.0026316244985858414
0.050784555550877686
0.09481843550431446
0.1194940456501678
0.12531523430451663
0.10949658846630637
0.07650436402844886
0.03183319126628048
-0.01420585318424173
-0.06847451416684953
-0.10637791701267273
-0.13124861991899686
-0.13676910344934048
-0.12255886922027119
-0.08336908913749247
-0.043493409798783016
0.013766057453035697
0.06809653302580099
0.09557891517884773
0.11757363438252065
0.11490207020800862
0.09213995430283788
0.054731096052757715
0.002358423685958527
-0.05358793683096149
-0.10665363068660542
-0.15144304609155776
-0.178191421048174
-0.18610073775359148
-0.16747186096714678
-0.12595284201223225
-0.08348655859190919
-0.03472148240709985
0.020918718874817988
0.059340406504936744
0.09341061078478607
0.11586837891661819
0.13297322006873633
0.12987141510006234
0.12171412051920702
0.10355149734464635
0.08264714057872151
0.05495640481692076
0.030629278196566367
0.0043252829146716385
-0.0018205819333985695
-0.00164473609642386
0.004010598955644633
0.01154033092606721
0.01950922382850304
0.024930854299014465
0.021028573629785004
0.027021444445436124
0.03172248733580659
0.026305623853298904
0.023038867760133627
0.011512010228660937
-0.004332539241061204
-0.02210094503296867
-0.04087510062390136
-0.048696100313855205
-0.04875433353031206
-0.04617127522719578
-0.034867771983627394
-0.019401918703945725
-0.0053984300786397025
-0.0036176682289792714
-0.0003769732304390288
0.007799674475405078
0.0004194747489411812
0.00036396083998411295
-0.0019768629513886413
-0.018390639093341578
-0.023152272264862488
-0.026088443376567738
-0.029792865683886307
-0.02568231154653766
-0.020916988038305974
-0.019180944256558433
-0.022124150399544216
-0.024541001055866322
-0.027634782575942287
-0.02343177489277089
-0.021647434588393733
-0.024054955112571805
-0.025053941225650862
-0.02236910564401856
-0.02077431973934855
-0.021385499163657055
-0.0178506760782176
-0.015374966255333761
-0.018387822409160353
-0.01652896274939872
-0.018936562051288512
-0.016353755366435928
-0.016399767455631875
-0.006176863500392108
-0.00001931250191780378
0.018818954413294824
0.03738303179392978
0.06227324366262576
0.08269767323151342
0.09596299415433276
0.09519536435975955
0.09589591104000697
0.08970510219114557
0.06380100391526175
0.03746950567778393
0.008733896381780532
-0.02412384499960227
-0.05083322836928857
-0.07038990708134778
-0.06909514041786252
-0.0598641130367473
-0.05239881331811461
-0.024454131084895157
0.0026377068471459203
0.023423174358235318
0.046832628758678344
0.05802344188291748
0.06409174146084243
0.05840951877150854
0.03993115857964798
0.009297948740769446
-0.01346111438192955
-0.046727116673046146
-0.07353448573700387
-0.08963174464489256
-0.10960294670405803
-0.11724308808650807
-0.11023418225493334
-0.09972910804550168
-0.0760931783497847
-0.04165898911517389
-0.009648626032166938
0.020439154437757213
0.03802358544813864
0.05522784094619625
0.052547262022652315
0.04175241333291447
0.013024515039835358
-0.014703430838071317
-0.03655737513890448
-0.06330074188304623
-0.08586691677739954
-0.1055862490824957
-0.11589717386934495
-0.11550129975362286
-0.09293327793941718
-0.06319447112746439
-0.03711905932454992
-0.012932641954557497
0.006221893303391736
0.009861564056391386
0.009937878256405373
0.008638605324414923
-0.0007064235309013059
-0.017655022872755194
-0.03830904168260085
-0.0540605594514585
-0.06785679052962294
-0.07137411270027468
-0.07122942788817505
-0.051003225857637884
-0.02865916070346773
-0.0007703306949784661
0.025667035479926617
0.04668814162961518
0.05903519244101174
0.0574432992466521
0.0472865928833719
0.030402836225708
0.0032076991079312317
-0.02993448741619858
-0.06774783160241923
-0.09984726178833048
-0.12169201767269973
-0.13221261461264927
-0.13983184964099823
-0.1231201499899672
-0.09512311885872088
-0.06589287357898019
-0.021044289830799087
0.011377130831960146
0.03452085561173743
0.04387469515770903
0.04382523756162562
0.02533740209923936
-0.005511918813189371
-0.046272873083296855
-0.09548993525832589
-0.1265871204200184
-0.14954504645694303
-0.15652406738931066
-0.1475477611141933
-0.11639750928194516
-0.07792843891010268
-0.036209987181726806
0.01350585342903374
0.05003625070653217
0.06311406011841492
0.07735598229927355
0.06597287852310488
0.03795099550729785
0.006509144327716862
-0.03937425006207479
-0.08263529335017235
-0.1232738260782115
-0.14870328039170272
-0.1564198245886514
-0.1473764618379602
-0.12424669554544056
-0.09936068639406152
-0.07184648013076794
-0.041909841397476354
-0.015716400704146663
0.000736149395513162
0.013696757498523384
0.0030833892076126924
-0.017230353825578283
-0.045094561893863606
-0.07108590728753768
-0.10127590122911066
-0.12369346979243004
-0.1327486163560695
-0.13350298024894092
-0.13391574689512228
-0.11599815601541635
-0.10443158951571183
-0.07335313098733778
-0.04045804565032258
-0.008758999201856181
0.016279972148225057
0.029232410802411995
0.024622934300092443
0.014006794814766327
-0.007568661818378522
-0.026201323598262733
-0.05208347770847195
-0.07910834916142925
-0.10092361533703709
-0.11531418938220638
-0.12106218415401457
-0.10997701835135154
-0.08628411989815894
-0.05163385444363044
-0.010833009393580267
0.008879803053116817
0.02356420056211038
0.03722948647569422
0.03145114571597748
0.020346050794018213
0.004416468903734019
-0.017050680243382042
-0.0489227829224894
-0.08006232917316462
-0.10150350049215884
-0.09950304316584713
-0.09403204366465966
-0.08495067989201972
-0.06653899952938831
-0.03740551390299956
-0.018085715130287623
0.008203435157410637
0.029213771353021372
0.048242512362148035
0.0468811118373966
0.028331696911798973
0.010429254417414267
-0.02490475313384727
-0.06330220888784792
-0.1027928751196853
-0.13944970081090535
-0.167697224969191
-0.17862561199947294
-0.17447979811555453
-0.16084910595409532
-0.1261337259092652
-0.08774421901588529
-0.053491947010811114
-0.012243350557025193
0.015386424996918058
0.022058530766292855
0.021779266407971166
0.0017704857330090669
-0.02684500355978571
-0.05985528798848647
-0.10493382815612363
-0.1376028624032804
-0.16372156593270648
-0.17661783805783676
-0.17528625299750752
-0.16504745876632324
-0.1338520457269154
-0.10657563354128824
-0.07470323737341905
-0.03602678787082567
-0.01007898604508954
0.0042779699307023255
0.0075555596528547805
-0.005593358705181892
-0.030873878520562798
-0.05141144014627606
-0.07727066741236789
-0.09661173627969458
-0.11951074171145484
-0.1283335425168776
-0.13318124425010403
-0.12771211946669767
-0.10860154091907064
-0.09019098997680704
-0.06447999130044585
-0.05126698200443809
-0.03936618626218748
-0.032177971104790336
-0.02910144258675398
-0.03003561787007128
-0.03536709649003166
-0.05678636955960955
-0.06910407602499917
-0.09079784324312258
-0.1087601279708175
-0.11890022011521098
-0.12168457215892807
-0.11520427029164937
-0.09996734687819873
-0.08511120445546445
-0.07537109127356416
-0.058134772202366077
-0.041712441309771385
-0.04107952273309505
-0.035787804921150274
-0.037785310733154054
-0.04747538409158658
-0.06381161601300793
-0.0801540664482809
-0.09742338618535776
-0.11165559913122311
-0.12459541001782962
-0.13473051601036357
-0.14082323281117617
-0.13849059777480616
-0.12848125787084458
-0.1065640048982901
-0.08735742339435063
-0.06979693598302772
-0.05182573118731066
-0.043226371001743875
-0.03325867310138365
-0.029113482502604232
-0.026154317207001707
-0.03492045229925079
-0.05368919082905081
-0.06553399221099608
-0.08335886322337256
-0.08945357222989953
-0.08447201077040736
-0.08173259546531943
-0.07046721370433467
-0.05488563291097808
-0.03800664470674579
-0.016604067742626828
0.001700109984396703
0.02078489293221136
0.028635056187035008
0.02187361850363289
0.01369649075050662
-0.00959420247499551
-0.030511202138466555
-0.056230353871388104
-0.07389792330690294
-0.09120448921968571
-0.10137502825505688
-0.10933362664593307
-0.11000013071153909
-0.1065213296626369
-0.09316148734305832
-0.07546432645337045
-0.05542554849949706
-0.0408630245472978
-0.03685677358027728
-0.028515553776508794
-0.0259897209949487
-0.03755356920328675
-0.05152443654715378
-0.06627283095277633
-0.08476309888413683
-0.10430474909974195
-0.10592781302338146
-0.1136577730715396
-0.11373407806321402
-0.10754497122137596
-0.10008120027825931
-0.08270757562230166
-0.054247340305088425
-0.0358126175951033
-0.01609750302150177
-0.0026632343012690045
0.0009904054550781422
-0.007103414778274153
-0.019715244127942545
-0.03518168157555501
-0.05807699183191717
-0.08816452313026732
-0.11699851468755203
-0.1441849839722
-0.15070895465215492
-0.15175891144867362
-0.14410127658655558
-0.1329707100192229
-0.11605001357916353
-0.09611419651415631
-0.0838026807078524
-0.06813759314422674
-0.05614333899644748
-0.053566677531077335
-0.06259723180577852
-0.08630582692077163
-0.10878198076916629
-0.1324531000451702
-0.15642510432760287
-0.1657331853375301
-0.1789938682575418
-0.17958432116289944
-0.17456582213662483
-0.15115016228424463
-0.12492430654299633
-0.10333806287595931
-0.08296530417174312
-0.05159291023444247
-0.03412205092075519
-0.024248441543362798
-0.013358189566793173
-0.01884574969410942
-0.03232204169103644
-0.03997005737456744
-0.05931388864582649
-0.07180327451464455
-0.0767831957661891
-0.08045958006138756
-0.07865524152027187
-0.07952599440208234
-0.06997694465182162
-0.056807502910082526
-0.0487842286553089
-0.0328670630295127
-0.030064903902078426
-0.03594790555431969
-0.0398650432845505
-0.05863729291337439
-0.08835403430253501
-0.10943421324950894
-0.1325858949692712
-0.14614174447003292
-0.15112252342818894
-0.1580007125651962
-0.16304023661488742
-0.1487515195049857
-0.13004440008076054
-0.10732918718357537
-0.0840717440751045
-0.06416691667479392
-0.04991978955826512
-0.05650988974801467
-0.06211920473276159
-0.08320758389951843
-0.10401948496592181
-0.1306052794101091
-0.16879346457861472
-0.19283909497060048
-0.20561723384825878
-0.19889062186818499
-0.18560318333842413
-0.15612315867091414
-0.10930873636503133
-0.06871368094796934
-0.023137545279456252
0.018126655799585445
0.05310722773182198
0.06483954490746772
0.066235170596976
0.056306292498013194
0.03247034783760589
0.0005069670841955319
-0.034381233924406784
-0.06898428158237124
-0.10599770201010736
-0.13137989728313887
-0.1526345417654344
-0.15955600284233018
-0.1555481235145535
-0.15229177648926515
-0.13191286671028285
-0.12574181431972936
-0.112228803263563
-0.09774297008054157
-0.08188680149698603
-0.08689270741127268
-0.08996674397663312
-0.09891999288940136
-0.10985025592454535
-0.12276924228380882
-0.1267243932778507
-0.11595241504455994
-0.1098783450727114
-0.09210342267332741
-0.0685988713156078
-0.04213261376494853
-0.01087087322032636
0.028460486941819567
0.05313156724885103
0.06192109666678761
0.06040921118824551
0.040454359580652535
0.006426282724781166
-0.039756135579286554
-0.07813475412657178
-0.1157556207570759
-0.15251643185431907
-0.18647891431848407
-0.2075519938970337
-0.2106801420150441
-0.2113527264239877
-0.20152744203252682
-0.1899319097055054
-0.17513451761953747
-0.1556864093042343
-0.12792641862467474
-0.097004634868912
-0.04446884291042296
0.0011264125932163912
0.04732091373842822
0.08975105631181708
0.11932729346885053
0.12826388141042835
0.12215786055915569
0.08980019291712263
0.05416894381854803
0.02006956390190682
-0.01354350947689749
-0.028883247774048677
-0.029833751122799314
-0.029590234682286404
-0.02728911668748167
-0.029400250043105182
-0.048702664444387096
-0.08798827475428081
-0.12918381766952775
-0.17897774829870325
-0.22421690944714795
-0.2377980419635295
-0.22800872751261475
-0.1920269743829891
-0.1226194641873252
-0.045596965488234616
0.041440898110012
0.11445739687361614
0.16378274548102398
0.19648344949764246
0.2116608942241946
0.20257636075675037
0.19015485192983894
0.15983068184837823
0.12759956022735996
0.0864548736776643
0.03285026298385262
-0.02230779188187763
-0.08029358229239529
-0.13690304442396087
-0.18905859790561236
-0.2351009170655611
-0.2636286230343789
-0.2824234075165541
-0.2802498375828918
-0.2544887016296622
-0.21027741391447652
-0.14756955603383953
-0.07242401838268615
0.014059389396394117
0.09608009045248428
0.17181509679863352
0.20947598147882696
0.23011630708626268
0.22306102808510392
0.18829388177860307
0.1399256117947362
0.0901234546488403
0.050604049139968785
0.010525300003496345
-0.021775202942841212
-0.03659503226697916
-0.04564409947369788
-0.04765211003239134
-0.05071826409463581
-0.05216100758399515
-0.05495065937045857
-0.07157876617514726
-0.0788609407457054
-0.08943266194062581
-0.08917886374139748
-0.09206601912827403
-0.08022990842856949
-0.06451878749670842
-0.039878998928530626
-0.015276491710014533
0.015685129086322858
0.03309302568565964
0.03802070736876393
0.027461934110406247
0.004413760009076996
-0.029340120291974976
-0.06247027474705115
-0.08374002805359008
-0.11056177554625124
-0.1157386585997908
-0.11229894706308333
-0.08126602596609944
-0.04065765034364623
-0.002920026073514195
0.04117354574519279
0.07120525572346846
0.07959158375474666
0.08814912738983555
0.0729368554256246
0.03110988050850356
-0.010248424229261057
-0.06809594631292605
-0.11680846206315526
-0.1458256747228897
-0.1628279985473535
-0.17049000411450538
-0.1578216020579701
-0.13862855154313625
-0.12515144817912763
-0.10406918764710489
-0.07598365915057576
-0.06397596653952872
-0.05404354570970404
-0.04101539474091294
-0.038405437014607524
-0.034864795647998284
-0.03271384044586371
-0.03623475653426681
-0.03682818410145458
-0.03783990846800352
-0.041520685237298315
-0.04086393805100095
-0.04299527345380072
-0.037920338088971314
-0.03503863936101441
-0.03647510693480468
-0.02040257631432519
0.0036272913694614644
0.025164574289987234
0.03862534076081587
0.049264948164584606
0.05970004235812843
0.05131900562842743
0.040219517704704034
0.011814131037395087
-0.01407671652656902
-0.060342038696087195
-0.1190184659129473
-0.17096891441943388
-0.21676193223238907
-0.24619947954135324
-0.2610186237817362
-0.2529995905526573
-0.2312428556973711
-0.1885383382479524
-0.13391070741455421
-0.08629550235194547
-0.018361284900104108
0.031226982009628184
0.07108734972918113
0.09682250143652969
0.09409092483315078
0.07405213704207601
0.0511375125831269
0.017438477980205043
-0.02069274732975774
-0.05902911364171932
-0.08879950400732929
-0.11707351874639316
-0.1361521466674249
-0.13917419006693513
-0.13245288749422304
-0.11864171919738463
-0.09548108608088876
-0.07504347606821941
-0.05159278086139781
-0.03230454831585058
-0.026724435242162566
-0.02797759087530029
-0.04327550133246392
-0.07356769418428483
-0.09675705348777043
-0.1156687404606812
-0.13585374563112299
-0.1383592822199631
-0.13450977755078206
-0.1270562370488146
-0.10922657646829693
-0.08455069405728373
-0.06733863422556668
-0.054581231126801286
-0.05866411099842548
-0.06453448136511698
-0.07831018809583395
-0.08901115269691885
-0.09342016955967734
-0.08931487007793457
-0.07699547683882849
-0.06259828330442702
-0.04463663414649785
-0.028625432135305436
-0.004447328107355318
0.024039242501348482
0.03312987287088924
0.04061324101894771
0.030095899237079775
0.00006143556647683033
-0.028722374808067497
-0.07261362420730984
-0.11828375277608182
-0.16705521192890535
-0.20468170884768996
-0.2288677155292751
-0.24286237817132483
-0.24529687546734816
-0.22376998152945568
-0.19300068574744433
-0.1572814191722243
-0.12801830835471023
-0.09122927507201824
-0.06799995668903805
-0.05327791102884866
-0.04176579644134315
-0.039581347945690716
-0.022737064486160512
-0.0017723068741966738
0.017900635673883575
0.039487933409583356
0.06049470628405696
0.06889786449642585
0.07052739408870554
0.06119146618991928
0.03570447872519637
0.005560651029544113
-0.022228529840828678
-0.052182151799009535
-0.06805514387433925
-0.08455293853091961
-0.07975331805759661
-0.06167462404197969
-0.03371637965058084
-0.015121004268246366
-0.004112271299124479
0.0065450696626074235
0.00248358771822477
-0.015001857253048657
-0.026383777927790068
-0.04901427700179692
-0.06688342050156879
-0.08259756448573108
-0.08979600167937501
-0.08126310459253815
-0.07079208582490909
-0.052935544314653804
-0.034080028598564384
-0.030113804546529555
-0.024263726532246982
-0.019966440695189012
-0.023181012992577122
-0.025589282390174366
-0.02867649386640373
-0.02954919053555601
-0.025343553325903163
-0.016378482985035477
-0.011697706695140761
-0.016472942846848453
-0.005145333108398067
-0.0033170914020714385
-0.004121499672736862
-0.0025430981381973426
0.0063050537210297426
0.01686202180504299
0.02098874018531728
0.024330893990589762
0.03493789690662523
0.031718274912436
0.020889894098929985
0.0007977168354451392
-0.0005982333841413344
-0.025213089490733726
-0.05027136073866035
-0.066994087368753
-0.08110543710154888
-0.0850967394838814
-0.07235206511763413
-0.06446176809155411
-0.04377698724370178
-0.019573060648820653
0.010524232956172897
0.029032472454514773
0.05660864925404148
0.0727439676629422
0.07016634907416976
0.06654360504500288
0.043207305212710934
0.02262561710629335
0.005187810895208394
-0.014579592039494564
-0.03031974907157956
-0.025513528689684425
-0.023835554301164817
-0.0032624878592723196
0.024823650959163942
0.04737244641193744
0.0737614777526305
0.08866418697138083
0.09645220505161174
0.10310442671411293
0.0905059770808505
0.0687320651831601
0.0421317603941171
0.01587040377874905
-0.009777996196664404
-0.02231648612991457
-0.02996150375057026
-0.02715253489334161
-0.011645915051844589
0.0031631183382473736
0.02470910173765589
0.05479710988247306
0.07310209437457842
0.08829548746115293
0.09183495856183177
0.08870803824741257
0.06996334105994152
0.047305742927397254
0.021599317790678772
0.006464745246516112
-0.0072831126072312015
-0.021022541658053683
-0.01980842860777882
-0.015067535627094657
-0.004024860895835602
0.00961943660309223
0.023446315948954664
0.03603511543097237
0.043021028359075765
0.043594203461858695
0.04040486066176584
0.037108440147489596
0.0269780685305582
0.011988687988597391
-0.0060823402554671755
-0.011813298825370144
-0.02977596245185956
-0.04550096606575731
-0.053363273269138596
-0.0591790876207911
-0.061945641478168174
-0.05556382024361561
-0.044508828782454574
-0.0202290132896554
-0.003913634133699543
0.01971804504755714
0.03642527596193604
0.04656109548909463
0.054354565056007866
0.055380838617241974
0.04868982868211436
0.037427570116692795
0.02811741346352346
0.00852971723642814
0.003130714699687251
-0.02105335272313714
-0.023625281119235425
-0.023673363087213583
-0.019665039465636584
-0.013820084391324542
-0.015150382437238773
-0.006079043052755514
-0.0015413852217386983
0.0061015362614639706
0.009410744376861372
0.006255183926952816
-0.002029091310560479
-0.00948106134986363
-0.019618982819818716
-0.027353038917112327
-0.03888090024983642
-0.04922328358111491
-0.0508428887597992
-0.04323068456524896
-0.034481576845090754
-0.02172920627088076
-0.009870611908306818
0.00022017752835816937
0.01745109281128114
0.027736178960350327
0.04019156218595804
0.04143760684346501
0.04223181472438067
0.03436637446763758
0.019897060064518676
0.011184131959118828
0.0024073022424582233
-0.01684428414292964
-0.027488479053405426
-0.034879483599813056
-0.03210589407480165
-0.027995450790092337
-0.012053586494132443
0.0043125857491575215
0.020604385950935653
0.028626005272730317
0.03845848136770896
0.04385707742414594
0.039220345643471696
0.02374656541532616
0.005625264442770009
-0.020917721346724604
-0.04205095720514919
-0.06459579324539562
-0.0763434556074922
-0.0777280839518462
-0.06796821923038247
-0.05597285320960543
-0.040242616975187814
-0.01235919598860969
0.009168840140330184
0.03400881472367738
0.040786147707864526
0.04852194351060038
0.03970124754493816
0.022364657255112858
0.00041365574743538195
-0.024966955932723103
-0.054558083863271344
-0.06959410415494881
-0.09459301917543282
-0.10191036684720052
-0.09806710308119515
-0.08711205830827475
-0.078796840651812
-0.066531533400971
-0.0572900200912476
-0.057638016523641485
-0.051096546821691895
-0.05242294390658504
-0.06554729960358088
-0.0780527820464235
-0.09668024870543267
-0.11484815982278583
-0.12001120812615934
-0.12802894225866351
-0.12275987500675485
-0.10888849049897749
-0.09336466295451545
-0.06760543277767832
-0.04454737546701047
-0.018367855235363075
0.014629671539324922
0.03885589251130295
0.04114305350893732
0.06270495032041175
0.053772866034797064
0.05048250440870855
0.031322693986265
0.02046506465351973
0.000507551096545007
-0.018676211145205436
-0.03061169712994952
-0.03585335857011127
-0.0394774556258959
-0.034516751381898636
-0.027815570831941736
-0.012281269075916897
-0.006234251147740473
0.003484204296866386
0.010743346099746977
0.01375385921697481
0.014939851548311144
0.003353021662288597
-0.002290750733078541
-0.014807222102402403
-0.0254467402522525
-0.03656708457414755
-0.04277535219011866
-0.04590019331120491
-0.046621375925504145
-0.03555546432367492
-0.03637807304497469
-0.037580546528926555
-0.032444773513814314
-0.030260942977197596
-0.032680707773448274
-0.036657335028337686
-0.03144675941551888
-0.03737509556560856
-0.038000631890240666
-0.03986272030827238
-0.05482748027812783
-0.07147718401736769
-0.07626122085495021
-0.08846324393482577
-0.0996567438242186
-0.10727616923361523
-0.10815836883312771
-0.1004761189759454
-0.08874642241617905
-0.0700489658559537
-0.05325345534517774
-0.04292915766970519
-0.03857244570869897
-0.02793888781299855
-0.03075437521778154
-0.03340684481228724
-0.02795759587252786
-0.028915268273583206
-0.04350680999711432
-0.04230177659594325
-0.04109170666821812
-0.0347012575494844
-0.02553839596046669
-0.00688624257887888
0.006895225599060237
0.028208331047476106
0.04994276446658941
0.06863093772000363
0.06982721882736596
0.06352485240235317
0.047214223110451654
0.02944520981063683
0.010459727169172494
-0.017879490145066766
-0.04317269717422699
-0.060535152109997416
-0.07202587004448822
-0.07583670379601659
-0.06403269828422595
-0.05327222224527829
-0.03758291559012459
-0.010987654371146821
0.0007077772150170884
0.011958507072700842
0.04023258323248558
0.04654721374955987
0.051479143553473654
0.05289871260314309
0.04419162699902176
0.03189825992589797
0.00579129121755941
-0.021910667069744098
-0.029117304420413652
-0.036019533403851924
-0.03728232154243147
-0.025123611165011318
-0.007434540884063696
0.0011309122718378836
0.01844048542673294
0.0329248524458609
0.04261482747858823
0.04523810150261682
0.03468967729146411
0.02382093820629227
0.0061865576654401904
-0.004637448026878589
-0.021277274371042702
-0.03860656923240329
-0.04445564389581518
-0.04117539910053327
-0.03053639666323165
-0.013100603732216907
0.012512177150791195
0.03797257862267389
0.054537219284736906
0.07572538475651117
0.08689916090693994
0.09156874328316754
0.06953656820886206
0.05003475359014482
0.009275054400937177
-0.0164722219794068
-0.05476878049668233
-0.07973187977907545
-0.10204684268241655
-0.11331877831930391
-0.11340206928065776
-0.09878621017520434
-0.07443136936023466
-0.045612528964139525
-0.02472421926907057
-0.004733455384314394
0.007063592526579148
0.007521662858770146
0.005100605952443607
-0.005803012402018875
-0.026488458114227172
-0.039260299867398325
-0.058779697074533725
-0.08104553841318074
-0.10106239946020754
-0.12245461513651403
-0.13870357623844368
-0.14743244746915318
-0.14215483984801672
-0.12459127896317876
-0.10077375278514501
-0.07105373776149915
-0.037415373969769496
0.006473038535973242
0.026843004164803827
0.03001921108453642
0.026985059944785818
0.003182479649340161
-0.030493459016651493
-0.069869703644132
-0.10634400287578294
-0.1292156976486819
-0.15165330732568422
-0.16133189966116315
-0.15402273265951055
-0.15009969024062486
-0.146496517315901
-0.14149126891976146
-0.13223503988876553
-0.12166763892529195
-0.1022420755329197
-0.09280972798146461
-0.07365714364475441
-0.05380867359567499
-0.04258023365684155
-0.0423155044750779
-0.04641533779584854
-0.06147088722276861
-0.08097024206155602
-0.10189657569834776
-0.11499791855277101
-0.12048891918648325
-0.12918529470257964
-0.1347554591122738
-0.1365006765380907
-0.1323628136180883
-0.1356001698799891
-0.14580232463906606
-0.15009959730447922
-0.1582336820101864
-0.1703026957755855
-0.17777895171015917
-0.18576014726418955
-0.18406935070365055
-0.17294362253933449
-0.16313207045448821
-0.14036412188457018
-0.10973169808567435
-0.07328552053110589
-0.04182223960345965
-0.008189184164052623
0.016615421527702415
0.02401091128710361
0.02736073176694911
0.017498912257963913
-0.014401911064638265
-0.050188988284098936
-0.08631647847748818
-0.12620092794701096
-0.18020146928921912
-0.22019162125791122
-0.25277329923182856
-0.28252029549693464
-0.30133444014797406
-0.3064697853208501
-0.29907507171054865
-0.27347681602660834
-0.2423293314487541
-0.2001481947128166
-0.1587843057112678
-0.11523142658611463
-0.08702214888352047
-0.07442558341512164
-0.0708476957506371
-0.07998696212180229
-0.10942437126528766
-0.13713967926425777
-0.166020135777049
-0.18166117063742354
-0.1912415046440482
-0.1849640867968704
-0.17126802913715747
-0.1529499571471049
-0.13652653163766923
-0.12457963448813057
-0.11384618295646652
-0.11335904405804352
-0.11281384428485867
-0.11265436511861457
-0.11670259903951301
-0.11568881067353749
-0.11132215671469359
-0.1266527506399018
-0.1402943392654866
-0.1527398605827825
-0.1715429930064593
-0.19109955965436162
-0.197936039044502
-0.20480534734203437
-0.19831816681288975
-0.18567192817244535
-0.1729776929747415
-0.16102287979796226
-0.14336253872048935
-0.14289587262529027
-0.1403993227875434
-0.13409275373829402
-0.1351064771301309
-0.13697583062814467
-0.13400647206598124
-0.14229386152918028
-0.13976688966075068
-0.13878903468737985
-0.13640191049355685
-0.1376450594261861
-0.12367020992866917
-0.11188971096157552
-0.09564444967095921
-0.08673125444678548
-0.07611082717560276
-0.0798422166664468
-0.08060669903853536
-0.09397448045626801
-0.102465843180034
-0.10204541101964246
-0.11771649207374656
-0.12003202328891739
-0.11523416650897156
-0.11391150384313597
-0.11161878031142519
-0.09977022335777627
-0.09332369514136236
-0.09247394705950145
-0.09091747199774362
-0.08521891697588199
-0.08750762377743386
-0.0930346160950677
-0.10432827241298646
-0.10709895340461495
-0.11735073515639108
-0.13339589790648493
-0.13889542302771732
-0.13464585366818718
-0.13521107757281522
-0.12541707115955858
-0.11715809186352774
-0.102893258667297
-0.0958234918408389
-0.08251205691672964
-0.07580358068299967
-0.0692065286289023
-0.06956941473504177
-0.0717881961255588
-0.07821976936335581
-0.08268846628811272
-0.09375729465720521
-0.10387185704339955
-0.10580698108508935
-0.10827046849403868
-0.10920148097101225
-0.1011819124852852
-0.08907080151843068
-0.07191358134524248
-0.06529279954582246
-0.0604706204236941
-0.05310532513124174
-0.05019324757195874
-0.05859610035803222
-0.06364361217775115
-0.0818854827630734
-0.10075096082325857
-0.1312216234534283
-0.14647498624264765
-0.16782901446887372
-0.17998449191468685
-0.18702052273065808
-0.1956229160512195
-0.19767387650154258
-0.17890131973655202
-0.17042342600107172
-0.15621650242018445
-0.1337664482365016
-0.11712710980466028
-0.11645752996932217
-0.1079579105852383
-0.10997062532129506
-0.10961407660084575
-0.11930210964167692
-0.1333992853184604
-0.14678657812029627
-0.1607515800593209
-0.16604531453866156
-0.16610205181625512
-0.16459746121337276
-0.15172335606492415
-0.13631510911457803
-0.12374731963753055
-0.10749984488190772
-0.09369394728589314
-0.0722462133544893
-0.06688324238769502
-0.0681017106491798
-0.0583752141142888
-0.058668857052328174
-0.06674604356297684
-0.07486372904412096
-0.07775305970643465
-0.08711853592050797
-0.09772284768238144
-0.09837298010854713
-0.09240725574559967
-0.09050542862057576
-0.06747956348994452
-0.05852445519936103
-0.04560583239724572
-0.03818940779816619
-0.02876077906505662
-0.032820187973607806
-0.034915118833418635
-0.04393115870761009
-0.05143204999485673
-0.06300323648116524
-0.07074276421117824
-0.07850019705057182
-0.08560646085517797
-0.09482353222798531
-0.08665764184057556
-0.08161167180748212
-0.0830389863076283
-0.07906841663472318
-0.06451496533998997
-0.06664962251706588
-0.07254674801638937
-0.07676947314533497
-0.07547264887352605
-0.08442941102922857
-0.0908895106599398
-0.09670257114722416
-0.1069662906705546
-0.10601026830898595
-0.09122464529586209
-0.08404508975789352
-0.07030323799295932
-0.05034435126070224
-0.040376515700882756
-0.029467716454194343
-0.019497526122004963
-0.022898439940238813
-0.027557303873404417
-0.04782519297411831
-0.07055244714546945
-0.09762749931023573
-0.1347501119864881
-0.16340012353171285
-0.20066842438695298
-0.22934999679116486
-0.2501815697086062
-0.26005892622968985
-0.26217684529516766
-0.2551619401876476
-0.24369989727623756
-0.22109026468069373
-0.20288789347377606
-0.16754226785097018
-0.13509266427918876
-0.1084312552295324
-0.08327671463880229
-0.0744290117230606
-0.06687364351922301
-0.06991828777654577
-0.08230018664939646
-0.09956812800999093
-0.11447443611472016
-0.13309268001864885
-0.14310246670334156
-0.14075030648879155
-0.12183775387053523
-0.09378362405507638
-0.061987881218090186
-0.023404955534145972
0.0057234471277247964
0.03194857959249847
0.04061698175981992
0.028976070832352294
0.003453814998450998
-0.0426724602199427
-0.1007531008624916
-0.1532097105186142
-0.198413786666561
-0.24151145386018188
-0.2614906323605709
-0.27113635352060633
-0.26100037695019307
-0.2439925137580013
-0.22523368630364227
-0.2061452490686411
-0.1998560570119649
-0.20116830405477298
-0.20863685161378245
-0.21332419484541437
-0.21978961803061595
-0.20575680628398738
-0.18985971403621607
-0.15911731040057858
-0.11892396960403616
-0.0811560522082729
-0.042218564113482314
-0.016071321566455382
-0.003195240629579416
-0.02288079912506435
-0.05719635735703217
-0.1040210111393512
-0.15401790392206252
-0.20181908009630894
-0.24233684317875742
-0.25901645959176045
-0.26112334290168526
-0.2379729116372976
-0.20205387654204252
-0.1668390691396139
-0.1195981096082843
-0.08032888518596164
-0.051601749580344594
-0.032191844535117004
-0.03162381931029507
-0.04165344106117976
-0.06115337319557266
-0.08012026792561093
-0.11220380259095358
-0.1416806798056054
-0.16685948259384686
-0.20280311333150633
-0.2383176146100366
-0.259986916815823
-0.2825398337756817
-0.29742701073924316
-0.30436184407969336
-0.3076891114114895
-0.3076370306662475
-0.30081586452802755
-0.27888728524120365
-0.2506549520754399
-0.21972649229139893
-0.18132068351934758
-0.14466189836819277
-0.1130782697550528
-0.09509431264655545
-0.0853398973213753
-0.08941611920298571
-0.10492292455275985
-0.1357033446127421
-0.17234408829177042
-0.20869589833297744
-0.2421954662011821
-0.26329946334950965
-0.2715290765010194
-0.26999930735297145
-0.2504722714449688
-0.2181147697751073
-0.18672900371186818
-0.14125005305783536
-0.10286038756584506
-0.0719642820104264
-0.055040442261255804
-0.0491763370231822
-0.05236350236059078
-0.06455533165962224
-0.07588995780388191
-0.08634353830099872
-0.09034397590210884
-0.09502150418026428
-0.10645697751878705
-0.10635475502009023
-0.11832214100123581
-0.14238033713554396
-0.16203270011626578
-0.1727461681945917
-0.18919158193869867
-0.19638289069096945
-0.19098879834635546
-0.1771063083778498
-0.15679057848732647
-0.12076131610060882
-0.09955257565353855
-0.0874141026095628
-0.09140625609009836
-0.10660147330623251
-0.1226353165898779
-0.14057442217315308
-0.16023580903297865
-0.16651426318024723
-0.17395985329817626
-0.16485992767601143
-0.15063495051461195
-0.12972180448439707
-0.10184570649863284
-0.07911679872257409
-0.06638811413198077
-0.055857116290349784
-0.05377009747305611
-0.06399670156332947
-0.08000915731392114
-0.10104282713057479
-0.11581550353170175
-0.1397660093632827
-0.1562583335536525
-0.1524948076232468
-0.14266953985862899
-0.12367673694343657
-0.11149096137050986
-0.09514807752514794
-0.09492202056497274
-0.09597842164464912
-0.11697313228678781
-0.1224953799220743
-0.13899112545343892
-0.15972950269848052
-0.1683856385453242
-0.18102839277022786
-0.17713853180993158
-0.17246377578839725
-0.1505302978210043
-0.12519363460935373
-0.10101670240386067
-0.07584304167444234
-0.049223463079112136
-0.02931494058289758
-0.026806835574965982
-0.025261377245091945
-0.03791321426454981
-0.06057333575910294
-0.07812505204865618
-0.10678123647907001
-0.13033746657896175
-0.1472160021265808
-0.15218701257239864
-0.1481395921992416
-0.15244279650665712
-0.13532615127646103
-0.1162476851155214
-0.0863503785014717
-0.061589893724453684
-0.02696141254663913
-0.002242078871378604
0.011376723469713938
0.020717560581893793
0.007206679630984316
-0.015468242970120602
-0.03476662643239028
-0.06546329346868199
-0.09434066564752293
-0.11609211308858823
-0.1332970313190702
-0.13449689425094244
-0.12363412692645408
-0.11251838311042128
-0.08381494351168066
-0.055315611007142586
-0.03288140969780696
-0.012285581217319878
-0.0016957522088585921
0.002671686247984047
-0.00755071944687082
-0.02373624138778854
-0.047805945558201446
-0.07207611395153382
-0.10180201872371009
-0.12347142897925394
-0.1313354845315074
-0.12577213088966108
-0.10827089548799847
-0.09035670884386335
-0.06554470874776534
-0.04179361923426626
-0.021553289333336296
-0.0038044240577420146
0.013256224985097435
0.024030077877876234
0.021805199947757477
0.014379333538403176
0.0022902791727945648
-0.012570497903954895
-0.02430493059277251
-0.040899252317268014
-0.057458035597052155
-0.07090227776161402
-0.0924244569663795
-0.10211549619505947
-0.10479261667301662
-0.09475548793151947
-0.0846211183923727
-0.07051275680755588
-0.06395631003898593
-0.05790795707296905
-0.042195408490585624
-0.029970765862007014
-0.025263591475300596
-0.02764887749471113
-0.027821170450038728
-0.040099340754708286
-0.05598626578001717
-0.0711535263039612
-0.07634312480993773
-0.06381031964356433
-0.06642456222808704
-0.045793073028488
-0.02498621369289902
-0.014600741300072205
0.008166329017862392
0.01655900879472833
0.016997268036138755
0.017278689954180637
0.010800234173654055
-0.0025768943456119784
-0.008304535623809903
-0.026316795141215203
-0.043783080822029266
-0.05664845238517211
-0.06706727279292261
-0.08090071394543252
-0.09452045880369127
-0.09593557742934279
-0.09896460440391468
-0.08944100130655783
-0.0774210491875711
-0.0639371290825166
-0.05335703764771573
-0.04711041476718929
-0.04581664082495215
-0.05232774831606585
-0.05295704758866596
-0.05573772318944234
-0.050966444308269875
-0.05203916160734558
-0.05565002854690099
-0.06037799908169448
-0.05781674374906312
-0.057335419953876206
-0.04359184716386567
-0.04165117463850284
-0.02940105697358683
-0.024355741113043495
-0.026336406062651117
-0.022145171662124253
-0.01739780517297546
-0.01861708371326151
-0.022041433281728053
-0.02886195075250448
-0.04629541862757745
-0.047432782599867024
-0.05402840427733839
-0.0610529538118231
-0.06669194725525945
-0.07755776588411423
-0.07586037204702868
-0.07494501554070486
-0.07367321412526764
-0.07610687103133715
-0.07566308736006172
-0.07748165303017426
-0.0719149121370978
-0.068156983565022
-0.0549626025057542
-0.0469062821671677
-0.03876718213363664
-0.04188502079881446
-0.042868548201891524
-0.050571839037584033
-0.06028417631146852
-0.07259379937511314
-0.08709878091057943
-0.0884433057868528
-0.08690256951488892
-0.08665644262430833
-0.07008017044810161
-0.05438197166249733
-0.048982540238243714
-0.04688988104376181
-0.04672893404130136
-0.05870164218006634
-0.07349693318172122
-0.09068712503250698
-0.10355266206440335
-0.11637400461794467
-0.11796698409592112
-0.12037186242076955
-0.12078020826346002
-0.11274298895876397
-0.10825952870895887
-0.09931052079592904
-0.08898642662409854
-0.08908555913460621
-0.08757723560692446
-0.08627271215271463
-0.08548894944329424
-0.08429186700680336
-0.08267466544144507
-0.0767776773329889
-0.07505681472545203
-0.07522309931277316
-0.0775629023361938
-0.07516486045834246
-0.0744325629063955
-0.07127960302975853
-0.05734636930492381
-0.0460989685135784
-0.03843962616728565
-0.025683628365240335
-0.01631798744124444
-0.008921318212301303
-0.011341123292698816
-0.015212019959226412
-0.03318565141102348
-0.051069130369714694
-0.07176823993335066
-0.09731191877188315
-0.10674528905735034
-0.115726747787147
-0.13117898597970268
-0.13480698124783433
-0.12926777919015203
-0.12682601122801654
-0.11866548319389286
-0.10315284041744725
-0.09930947953468032
-0.09762399433474746
-0.09208746531348352
-0.10080205570481068
-0.11295753342887555
-0.11767916215605127
-0.11800984318035042
-0.11876180197745997
-0.11985421845361262
-0.10387332630501234
-0.0912697329212821
-0.06467289602732026
-0.0359941263799732
-0.001909890619960323
0.03539795388715229
0.06476708654275502
0.08925904229944868
0.10439410199061992
0.11201507641465777
0.10562809364865838
0.0811465157294595
0.055669343689711354
0.023006922886749055
-0.015210421015268946
-0.04861344555102415
-0.08333185146731222
-0.10486615044218159
-0.11667261666751721
-0.12488675632912631
-0.12351160103052335
-0.11984681119714184
-0.10302829428343806
-0.08835270182270233
-0.0701139669270498
-0.05675345913121539
-0.04207929443987163
-0.03013960073287815
-0.018607824296886174
-0.00904407353419082
0.004130043034251656
0.009145393777917286
0.013644505424072933
0.00423214811500024
-0.002869824141158554
-0.011794364552911036
-0.02388897168063156
-0.030101570725196
-0.029979532993161966
-0.01980524676107166
-0.014577595113795807
0.002548724574167922
0.016565782982007185
0.022179241465172167
0.025462811632529246
0.022903963555868843
0.006176012229202904
-0.004191070481540853
-0.014774290614106
-0.0328296571024722
-0.04993384338902548
-0.048042795293432305
-0.045398248093610115
-0.043585334061264386
-0.03461787465515216
-0.018789281485189113
-0.013016021391175206
-0.005091511916633189
0.006741239978987266
0.011925549574544841
0.008137515523065445
0.003120880545490107
-0.002180177785495797
-0.013410533967324657
-0.028306041935731437
-0.03674065557987523
-0.03952210810437086
-0.034488532361077996
-0.031073865155558118
-0.020367243161159898
-0.00816608448432043
0.0030143412255309357
0.004540108233341678
0.006005417089200943
0.005677322471663127
-0.001934221754346709
-0.017253253052953752
-0.03116916458294013
-0.047238476359048244
-0.0590278986900758
-0.06417628530800241
-0.073377618835697
-0.07241778845565354
-0.05872677888204419
-0.04235568357670673
-0.03180487793250482
-0.010567333765765794
0.011800858940962161
0.031840744128354116
0.043320801678403534
0.044998609637392835
0.04360098662088926
0.0344935114775189
0.02310161749937493
0.013030765331078711
0.00007189389679302925
-0.007305579665737181
-0.02034335271334137
-0.027129818758959992
-0.028314338280800315
-0.01948899184742948
-0.009851603687664582
0.002812161490889249
0.013246734442567907
0.01490828720531614
0.020424438935830878
0.021820762132555165
0.006497427212231762
-0.008731552769095319
-0.022606380485467686
-0.03519800185077347
-0.06185264798020122
-0.06794831060426197
-0.07567233781417705
-0.08553194535417885
-0.086983111536412
-0.08941822175608456
-0.08454860809484696
-0.08133599151364646
-0.07576331840128825
-0.07563196345429286
-0.07487322765248519
-0.06570843675493113
-0.06656786297683327
-0.06801897373845357
-0.07082014727866148
-0.07206423422471765
-0.07472262030798368
-0.07482148769696474
-0.07641831441860536
-0.07817271541752013
-0.07552323697682704
-0.06691169405243794
-0.07086759912414506
-0.06442043444617414
-0.06049922894349772
-0.04976091837819804
-0.0546678074684463
-0.05855152282363043
-0.059783097596240786
-0.06640818945900176
-0.07983572729072783
-0.08932641531081419
-0.09775710770995333
-0.10509462658476373
-0.11026407858447633
-0.11352012941570643
-0.11542868435269274
-0.11676999027935038
-0.11214566209995054
-0.10734928629793573
-0.10245174845053556
-0.10745863903629281
-0.1028579800192242
-0.09648125361486744
-0.09380540919266343
-0.09109999986354045
-0.08364470015111022
-0.08332399903781226
-0.08430540312207228
-0.08547767501823736
-0.08411036846959077
-0.07725982928883549
-0.07598863741187536
-0.07279183224650994
-0.06942013277486266
-0.05382272200253223
-0.0555867738423842
-0.059632723263990633
-0.05701589659562667
-0.06048077427968495
-0.07189718531905731
-0.08619676768248612
-0.09870586614925429
-0.10471815706144019
-0.11005924323092794
-0.10890633083459501
-0.10765406149836912
-0.09991043976637426
-0.09244581971881691
-0.08772717803920597
-0.0827170228023882
-0.07307304687107258
-0.07679333244404506
-0.07809939761990184
-0.06902092504234043
-0.06909766918223326
-0.07103598284195825
-0.07157175668887013
-0.07010732085096083
-0.0626250551363194
-0.05380724357125518
-0.043087657528098205
-0.03340921732296824
-0.018944046299025068
-0.0016753969562353958
0.004595788842110275
0.013573684598529756
0.024586718694065812
0.022471953742318092
0.023550076285182298
0.01456395261271616
0.010473228668916605
-0.011509070983099291
-0.03133726760549357
-0.048079880908965596
-0.06703436727064722
-0.08209529054082562
-0.09569831923199427
-0.11299941648064771
-0.11916367375607644
-0.11902221256603679
-0.11121845204279932
-0.0990993912500001
-0.08400717625443926
-0.06857908711726103
-0.05211750235560645
-0.04185600436219048
-0.037629272545339695
-0.0458682309669743
-0.05229431224694009
-0.07958597801746402
-0.0979398081725704
-0.1249605629791409
-0.14019813813283458
-0.15791820096614198
-0.1631005747911383
-0.1571979407182237
-0.15334044184391135
-0.14458448101311183
-0.12715682524589278
-0.11240056594254055
-0.10169717404202132
-0.08648447191942768
-0.07538105796878883
-0.061625557525260284
-0.05597212891904288
-0.0545132163632394
-0.051699250609908244
-0.052922715097707754
-0.05801532989496728
-0.061664188223013
-0.06359663849289418
-0.06442235754643448
-0.07221049022914316
-0.07982514307726667
-0.08653423364932387
-0.09469665515773416
-0.10266383189304923
-0.09713850726250817
-0.09611285103503746
-0.09233492725623607
-0.08992436927992169
-0.0838533674746043
-0.07508504292737202
-0.07531004434838352
-0.06616976894597798
-0.05706514740642937
-0.05768556138747587
-0.055132811131124185
-0.05383799602747753
-0.056935241896727745
-0.045125682405648494
-0.04483291094022487
-0.05292187362639556
-0.05623473902224768
-0.05154839056213498
-0.0584621095060418
-0.06445358094721863
-0.07577461664305184
-0.0813007121575838
-0.09408049798447643
-0.1090700109365495
-0.11120974006303166
-0.12066382691832976
-0.11873659724458528
-0.12033580154524115
-0.12045342431748138
-0.11084529087300414
-0.09739333362696545
-0.09131952478125287
-0.08014288652885931
-0.0668799113579906
-0.059738506025129055
-0.05227849825393375
-0.05051957576018336
-0.05307342734099292
-0.049462577764925825
-0.06022654041265347
-0.06801200449160655
-0.07297950762693169
-0.08815263143395974
-0.09737923051193413
-0.10623462103068834
-0.10273461163557202
-0.10157602080403717
-0.09274245962683908
-0.08641783918956143
-0.06889587829282308
-0.0558689757317443
-0.04398593213972662
-0.018378718603385667
-0.016739166030789652
-0.01596387859042503
-0.015452338483022443
-0.027163678588264763
-0.029509968958188054
-0.036600782674979855
-0.04058468517503492
-0.04010183487152997
-0.03764943133572532
-0.036522577518761215
-0.035718268859061535
-0.029632044114165666
-0.03504245541387128
-0.041456936824010825
-0.04275931495539753
-0.05002442755694724
-0.05792938294621061
-0.06956241091074755
-0.07159002501492588
-0.06941271519051613
-0.06021764817179615
-0.04835815563990213
-0.03425567912637878
-0.019129413461749418
-0.010111992629841688
0.00472236248160119
0.009076533723439114
-0.0026094796753206445
-0.01431517779662366
-0.021405271960517863
-0.032611672382207905
-0.0389967020572081
-0.04451400508501577
-0.04353158004265738
-0.04956448779053883
-0.052614498101835085
-0.056882813791909535
-0.058060347527642386
-0.062410994361763464
-0.0705657984644249
-0.07304630631968194
-0.0787990131681833
-0.07755315781298147
-0.07120790364395935
-0.06276323047819941
-0.05587934466752469
-0.04178545987958296
-0.029535101542489162
-0.02556709688728861
-0.027461825735185623
-0.029220962244158415
-0.042668377159507574
-0.06281847119278504
-0.06851088322686834
-0.07935783724472965
-0.0829698798303175
-0.08394176448724062
-0.08421928297529442
-0.07291738847598277
-0.06433410774841461
-0.0583203262737725
-0.057731158159350024
-0.056945310465371955
-0.05562821522721184
-0.05872140896720045
-0.06481969790028193
-0.06400669131299785
-0.06683351786967515
-0.07257416023542136
-0.06887540712641821
-0.07100368700933936
-0.0720038340172391
-0.0749148279285931
-0.0818453045414085
-0.07245456687582238
-0.06572426513477102
-0.05961282265648271
-0.049488869485819716
-0.04432514837436925
-0.037922164135550336
-0.03559728750556691
-0.038690738190878475
-0.034924622179388284
-0.0350895488952577
-0.03852755939407509
-0.03967651046192029
-0.04130072881837691
-0.03950413677211616
-0.03781538520077141
-0.03127657822834825
-0.03535430616723316
-0.030671646283493833
-0.033501045285365724
-0.04454848343673892
-0.0434599710884803
-0.04087320237845634
-0.03961928626625197
-0.03345262241438582
-0.03249486722965203
-0.03248759460588023
-0.03508180428503246
-0.0364469562033535
-0.04812390993494468
-0.06069512233295115
-0.08261315509272961
-0.09731348440433601
-0.10960004648104983
-0.12338380353459888
-0.1350312255749685
-0.14957091175134013
-0.16049902180236264
-0.16887904371181925
-0.17020349247274594
-0.16568416658831564
-0.15856318380139645
-0.15249337367113236
-0.14746122919017243
-0.13120207073912477
-0.11359642486637613
-0.10579832355202641
-0.09372239170328604
-0.08738207645531826
-0.09127289855534619
-0.08509008322127881
-0.0769345103797781
-0.07175032107863985
-0.0699296562961705
-0.06525541123243392
-0.05761522159181597
-0.05434190479532487
-0.04903803119678319
-0.045879314437942374
-0.04816832415334837
-0.045932215060395805
-0.04593020527318653
-0.04614850158672133
-0.04662992175608012
-0.057083786376678124
-0.06363703830876902
-0.07645881724870894
-0.08588420584886265
-0.0916163189616717
-0.10259831892978158
-0.11177183901016137
-0.1174671525728974
-0.11942984142016676
-0.11848625767694866
-0.11071226264139888
-0.10677113381072184
-0.10640853354899922
-0.10104609534632691
-0.09462533242197846
-0.09534891787616541
-0.09270822657408403
-0.09704431275890232
-0.10318782092015656
-0.10250270633677376
-0.10874843407315149
-0.11528821712394147
-0.11483810638650192
-0.11961751339871347
-0.11639268646813754
-0.11467759810683585
-0.11339443189140759
-0.11839290413167526
-0.1206395278435018
-0.11822593165689814
-0.11936597225161302
-0.11745952596642804
-0.12211121667940666
-0.12103344301219354
-0.12894240282095126
-0.1363791585730176
-0.13991958095476664
-0.14899282943672795
-0.15487429927237403
-0.16151332636193802
-0.1649217856809277
-0.16848217155675071
-0.17040966501844368
-0.17467057043613843
-0.17853100411295791
-0.1793929052438119
-0.17438057232080897
-0.17176668215892738
-0.16659690624107776
-0.15920436429973303
-0.15108813381762662
-0.13251971497634826
-0.12358035882091717
-0.10516341924827988
-0.09548952225007841
-0.08661836234537451
-0.07809756723050641
-0.06874997986398182
-0.06505615948699117
-0.07181192527818309
-0.07437805395067561
-0.07692955249924295
-0.08052181778449195
-0.08028199268423422
-0.08781031446464835
-0.09026403113991993
-0.08440564657353267
-0.0883561901881028
-0.07961035544205236
-0.07789051685042359
-0.08110551181426005
-0.08070945044720805
-0.09136139038271796
-0.09569790567395989
-0.10369087794988278
-0.11306500153631698
-0.13665123159889633
-0.14397225856755885
-0.14405156341592126
-0.1451856452629201
-0.14564057985706183
-0.14838002930973707
-0.13581605353876153
-0.11505413788145154
-0.0930109505323342
-0.07295497764974158
-0.06104330683929634
-0.057353881075251606
-0.05299307755475031
-0.03673496355792401
-0.032596752782090684
-0.04152043486999195
-0.06481426506019272
-0.07923409666912187
-0.07018729354859034
-0.019942879637682105