0.	0.
0.16678	-17.031230976709864
0.33356	0.
0.50034	0.
0.66712	0.
0.8339000000000001	0.
1.00068	0.
1.1674600000000002	0.
1.33424	0.
1.50102	0.
1.6678000000000002	0.
1.83458	0.
2.00136	0.
2.16814	0.
2.3349200000000003	0.
2.5017	0.
2.66848	-3.6245824311744044
2.8352600000000003	-5.293833798515688
3.00204	-1.527580692130977
3.16882	-1.4591260300825624
3.3356000000000003	-1.535922136929013
3.50238	0.
3.66916	0.
3.8359400000000003	-0.6617542660447073
4.00272	-2.9401835478977487
4.1695	-2.3433930316627407
4.33628	-1.2705393988369222
4.5030600000000005	-1.3194062987921886
4.669840000000001	0.
4.83662	2.8785667559475714
5.0034	7.4291871391000885
5.17018	10.085750227091264
5.33696	5.6629805005540375
5.5037400000000005	0.
5.670520000000001	0.
5.8373	1.7999197313450765
6.00408	10.085221302591517
6.17086	8.296731611415955
6.33764	-1.3979858823054558
6.5044200000000005	-2.607125074655459
6.671200000000001	-1.3817206263225663
6.83798	0.6974057109033226
7.00476	3.5264840821699646
7.17154	4.594849570750739
7.33832	1.1495215060872457
7.5051000000000005	0.2200321458799533
7.671880000000001	0.8586854397914314
7.83866	7.597818847484647
8.00544	6.519907647399334
8.17222	-2.6891311081244194
8.339	-0.9550776746763757
8.505780000000001	0.11375897951538419
8.67256	0.3115063282339448
8.839340000000002	3.70597696595979
9.006120000000001	1.9485727307253027
9.172900000000002	-0.031900778410197825
9.339680000000001	-1.3501446207033716
9.506459999999999	-2.9673684511148277
9.67324	0.12929390711049302
9.840019999999999	0.6696551577404694
10.0068	-1.0215149532230412
10.17358	-0.003098846875201218
10.34036	1.5967905144535925
10.507140000000001	1.0944889200278145
10.67392	1.285660304365833
10.840700000000002	-0.927888215669181
11.007480000000001	-2.1023803977656668
11.174260000000002	0.5865428148601888
11.341040000000001	2.896383143301374
11.507819999999999	1.188406029667879
11.6746	-2.085987220505559
11.84138	-0.9902384566452913
12.00816	1.1284000198795048
12.17494	1.4689263563814767
12.34172	-0.1280888850094841
12.508500000000002	-0.7802861447426658
12.67528	0.6670367944724257
12.842060000000002	0.9616726747056568
13.008840000000001	1.0761213562431087
13.175620000000002	-0.5605550343085578
13.342400000000001	0.002694279439839949
13.509180000000002	1.5690920269057989
13.67596	1.243366058816349
13.84274	0.7041712417301007
14.00952	-1.3865583054637582
14.1763	-0.6431099697292305
14.34308	0.9493119963136086
14.50986	1.3170529960386579
14.67664	0.4770942788883058
14.843420000000002	-0.7774754955105716
15.010200000000001	0.10275031967675839
15.176980000000002	0.7407034463267922
15.343760000000001	1.2276776314467541
15.510540000000002	0.3725209263212329
15.67732	-0.3575323392658482
15.8441	-0.05855002299046997
16.01088	0.30590214618943296
16.17766	1.5290376617225072
16.34444	1.027371868407398
16.51122	-0.22776868339704753
16.678	0.486102024582124
16.84478	1.0877755270372753
17.011560000000003	1.520088338083556
17.178340000000002	0.4865438108122495
17.34512	-1.6967753041045435
17.5119	-1.0483167601664014
17.678680000000004	1.237737637782267
17.845460000000003	0.46773652886066913
18.012240000000002	-1.4128186994989917
18.17902	-1.2512440075999347
18.345800000000004	-1.0671207057922516
18.512580000000003	0.7533695705364791
18.679360000000003	1.9889875391308183
18.84614	2.9423896863334194
19.012919999999998	2.0453521179815923
19.1797	0.7765146351640837
19.34648	0.8335209904522163
19.51326	-0.1282106565068247
19.680039999999998	-0.9503693641638885
19.84682	-0.9331809516823364
20.0136	1.5104418799847423
20.18038	0.20547169525166092
20.34716	-3.138669665122539
20.51394	-1.7969045810098816
20.68072	-0.6086109548251241
20.8475	1.0830473596041166
21.014280000000003	0.08110479317056385
21.181060000000002	-0.8954058757184892
21.34784	0.08790565284190081
21.51462	0.4937250931097
21.681400000000004	-0.008922297302214707
21.848180000000003	-1.236560885393446
22.014960000000002	-0.17303280122059084
22.18174	-0.5526741439758275
22.348520000000004	0.35480411928724204
22.515300000000003	0.14625651958457578
22.682080000000003	-0.14475364123358736
22.848860000000002	0.8123197603501356
23.015639999999998	0.4934438931133645
23.18242	-0.27857490942187385
23.3492	-0.5162966264112652
23.51598	-0.22715413702847104
23.68276	0.15860867831728023
23.84954	0.3251122178617868
24.01632	-0.058798977205866035
24.1831	0.6069035036378353
24.34988	1.158917608489385
24.51666	0.19894008419131015
24.68344	0.9681591516763018
24.85022	1.6307229537120698
25.017000000000003	1.819838469443019
25.183780000000002	1.58105018738246
25.35056	0.48846311843944473
25.51734	0.24183666097031944
25.684120000000004	0.1581158512320832
25.850900000000003	1.1574478577009064
26.017680000000002	0.832460976769245
26.18446	0.6322034984685753
26.351240000000004	-0.08625819696005048
26.518020000000003	0.4785759856979529
26.684800000000003	1.4560058486803835
26.851580000000002	0.29741768637552535
27.018360000000005	-0.4546164662313478
27.18514	-1.119192958856103
27.35192	-0.6611026924138881
27.5187	1.166910103480428
27.68548	-0.4136128853908932
27.85226	-1.3778631281574734
28.01904	-0.47139352931834533
28.18582	0.3590222668465092
28.3526	2.8205298702972693e-6
28.51938	-1.208883417624919
28.68616	-1.2761914264372682
28.85294	-0.49392038015657086
29.01972	1.327551530355517
29.186500000000002	-0.6500383939637137
29.35328	-2.244680435666035
29.52006	-0.8481052672381985
29.686840000000004	0.31291579800414127
29.853620000000003	0.7136460988892018
30.020400000000002	-1.6048008427083222
30.18718	-2.1183071452698736
30.353960000000004	-0.16927245676805835
30.520740000000004	0.5787208611582335
30.687520000000003	0.5869730208144749
30.854300000000002	-0.5426868287460359
31.021080000000005	-0.03326108873586162
31.187860000000004	0.41606744833864334
31.35464	1.0275433214888838
31.52142	0.35812444070680366
31.6882	-0.9842988765126491
31.85498	-0.3211883320848479
32.02176	0.5609124393614097
32.18854	1.0034699589953655
32.35532	-0.005265711384352425
32.5221	-1.3335755526630513
32.68888	-0.31461195999622493
32.85566	0.9103020050239561
33.02244	0.768906474942402
33.18922	-1.2381962725305293
33.356	-1.7134594038933626
33.52278	0.10831073233127884
33.68956	0.9932360611375772
33.856339999999996	1.267157398089676
34.023120000000006	-0.342587389906597
34.1899	-0.3616929774166133
34.356680000000004	1.0058639988862836
34.52346	1.385767728020447
34.69024	0.7751383234552061
34.85702	0.412870239388063
35.0238	0.631069232628835
35.19058	1.8636437079786483
35.35736000000001	0.9489851115410699
35.52414	-0.5856909169991792
35.690920000000006	0.25486052205990206
35.8577	1.8624350143089992
36.024480000000004	2.2938773317603545
36.19126	0.7473766321272509
36.35804	0.647511784777063
36.52482	1.2556902376975478
36.69160000000001	2.519892890173482
36.858380000000004	2.4953741430783376
37.02516000000001	1.1930617924401323
37.19194	1.7881335490173993
37.358720000000005	2.1571128872545935
37.5255	2.369672123175916
37.69228	1.8748161791171392
37.85906	1.907453679929459
38.025839999999995	2.58686154093232
38.192620000000005	2.2547577682530315
38.3594	2.4260869074583824
38.526180000000004	2.0389719564437816
38.69296	2.5352669055635277
38.85974	3.2001327996803846
39.02652	3.2629231565278407
39.1933	2.3727640778082306
39.360079999999996	2.142000855171212
39.526860000000006	4.20052945028338
39.69364	3.206504716292126
39.860420000000005	3.3480784462797306
40.0272	6.253837324634502
40.19398	4.082297483699128
40.36076	4.224779905454182
40.52754	7.135181566288033
40.69432	8.647681667923967
40.86110000000001	16.90911994417865
41.02788	29.352783415628068
41.194660000000006	38.62825472604292
41.36144	43.86199356950717
41.528220000000005	44.628374657167214
41.695	40.23963495729408
41.861779999999996	36.08919207825499
42.028560000000006	29.41323109111527
42.19534	18.51102293741167
42.362120000000004	12.216088349354624
42.5289	9.320450911208633
42.69568	8.193093968169412
42.86246	7.138009716468789
43.02924	5.378965853542793
43.19602	5.76751901908923
43.36280000000001	5.534649834649069
43.52958	3.936430472945888
43.696360000000006	4.437756558325149
43.86314	5.32323944836605
44.029920000000004	4.091657415001595
44.1967	2.78770963818783
44.36348	2.7670454408769016
44.53026	3.426940249669511
44.69704000000001	3.277684993964835
44.863820000000004	2.562627367733776
45.03060000000001	2.085629427995836
45.19738	2.4923712176418125
45.364160000000005	2.975107118424763
45.53094	1.9660908519251308
45.697720000000004	0.9955013906860873
45.8645	1.7802445982153958
46.031279999999995	2.7787155949989866
46.198060000000005	1.6956287133300398
46.36484	0.11873101512152745
46.531620000000004	0.7666060351647972
46.6984	2.119808809036286
46.86518	2.1856713514319552
47.03196	0.7660420306907745
47.19874	0.48027139766332194
47.36552	1.7733444275897294
47.532300000000006	2.2075701424892453
47.69908	2.091074070525688
47.865860000000005	1.6705882848363378
48.03264	1.999532487267415
48.19942	2.693247818840365
48.3662	2.3903722163652636
48.53298	1.31461499540822
48.69976	1.2132621785009186
48.86654000000001	2.3090513969576065
49.03332	2.7021614915673324
49.200100000000006	2.1497952650326377
49.36688	1.2035721768862941
49.533660000000005	1.5271636133521305
49.70044	2.460037972949584
49.86722	2.454415693643694
50.034000000000006	1.4282826556332344
50.20078	1.279487149713283
50.367560000000005	1.8153271724539912
50.53434	2.9124723162395583
50.70112	3.010918002273963
50.8679	1.8508107347877052
51.03468	1.9707163652464963
51.20146	2.729188289933733
51.36824000000001	3.436440526244092
51.53502	2.2934828562589464
51.701800000000006	1.541392549732645
51.86858	2.445761925912541
52.035360000000004	3.6684571650285376
52.20214	3.4897091646341813
52.36892	1.649057929153212
52.5357	1.5605017420799077
52.70248000000001	3.192481506334868
52.869260000000004	4.036423509474833
53.03604000000001	2.6088729579920438
53.20282	1.7857840451955367
53.369600000000005	2.9579225063388215
53.53638	3.884784507837304
53.703160000000004	3.546792816592208
53.86994	2.343780517813054
54.03672000000001	2.857726135957199
54.203500000000005	4.045636681483628
54.37028	4.413794218816653
54.537060000000004	3.353737843368329
54.70384	2.7849373130273434
54.87062	4.0346921140384655
55.0374	5.031432961689027
55.20418	4.260627947100527
55.37096	2.7642450275331396
55.53774000000001	2.811833100221175
55.70452	4.099396464888591
55.871300000000005	4.119752896520462
56.03808	3.206095249528062
56.204860000000004	3.02372585664569
56.37164	3.870712431468072
56.53842	4.870673826489948
56.7052	4.985563621331798
56.87198000000001	4.851857473460554
57.03876	3.8926004108195142
57.205540000000006	4.559760494654014
57.37232	5.115412739499661
57.539100000000005	4.801500331420907
57.70588	4.324773035675469
57.87266	4.58695939999637
58.03944	5.4076391767234
58.20622000000001	4.640603145436123
58.373000000000005	4.293806516306427
58.53978	4.086717298900131
58.70656	4.750156127873816
58.87334	5.0407549651604135
59.04012	4.2678456527838
59.2069	4.208428452516917
59.37368000000001	3.845938279049422
59.54046	4.581606437374807
59.707240000000006	4.7054164516960055
59.87402	4.07214610390736
60.040800000000004	4.0491900025815415
60.20758	4.763125441477246
60.37436	5.12944195747833
60.54114	4.167125091317612
60.70792000000001	3.7131912255216184
60.874700000000004	3.996626617678301
61.04148000000001	4.672107120187819
61.20826	4.521876729230028
61.375040000000006	3.8187657119906677
61.54182	4.364340897518648
61.708600000000004	5.04674745316323
61.87538	4.508784198485704
62.04216000000001	3.7290242748283418
62.208940000000005	3.9539668002268464
62.37572000000001	4.052037453384691
62.542500000000004	3.438549931240793
62.70928	4.007645295765756
62.87606	3.879577089436858
63.04284	3.666535939148241
63.20962	3.0517299612924353
63.3764	2.6863810778374133
63.54318000000001	3.416198416836425
63.70996	3.523014855804508
63.876740000000005	3.1144544997578203
64.04352	2.7845839913990518
64.2103	3.28568623991819
64.37708	3.0889849910818747
64.54386000000001	2.504240427975599
64.71064	2.6217786486396797
64.87742	2.993496169962463
65.0442	3.727440663445635
65.21098	2.9600684762358185
65.37776	2.424912676955092
65.54454000000001	2.9754041446191524
65.71132	3.6826910070815067
65.8781	4.0767233027232015
66.04488	3.147495503231075
66.21166000000001	3.5941890366432734
66.37844	3.7888787333501477
66.54522	4.244403998704753
66.712	3.940181851846487
66.87878	3.301295167383919
67.04556	3.925049933563577
67.21234000000001	4.678296561204455
67.37912	5.4578540557258135
67.5459	4.339548805944445
67.71267999999999	4.17320841599764
67.87946000000001	4.744687423003496
68.04624000000001	4.889608199663155
68.21302	4.2921122610998905
68.3798	3.465332726446481
68.54658	4.855747008550742
68.71336000000001	5.863201776524254
68.88014	5.252074699223017
69.04692	4.620983975913301
69.2137	5.0082155895087235
69.38048	6.709389946200963
69.54726000000001	6.869317191001827
69.71404	6.432186425980169
69.88082000000001	6.19408321549048
70.0476	7.316126365162745
70.21438	7.40907366732567
70.38116	5.28435855145981
70.54794000000001	5.343538161611579
70.71472000000001	6.316081105735418
70.8815	7.489324759301636
71.04828	7.200947511879396
71.21506	6.396350421847809
71.38184000000001	7.2436620612738025
71.54862	7.54424069058794
71.7154	6.757359302801482
71.88217999999999	5.904817221058031
72.04896000000001	6.097916169172878
72.21574000000001	7.94113154543105
72.38252	8.810836855935369
72.5493	7.321559554779783
72.71608	6.2249596818797075
72.88286000000001	7.774885642258938
73.04964	8.384665059652564
73.21642	7.397771950529672
73.38320000000002	6.355615861975231
73.54998	7.345556775166329
73.71676000000001	7.510219908234886
73.88354	6.168720041766605
74.05032000000001	6.06841729934636
74.2171	6.473796717435154
74.38388	7.766134820485333
74.55066	7.452236462353986
74.71744000000001	6.091190854807818
74.88422000000001	6.379463229268902
75.051	7.704466189343254
75.21778	7.081603352785534
75.38456	5.920927720715497
75.55134000000001	7.251195259326437
75.71812	7.986159222107666
75.8849	7.516866257523195
76.05167999999999	6.071017519482814
76.21846000000001	6.130809442270378
76.38524000000001	8.20055294041625
76.55202	7.495045922090546
76.7188	6.465348918165808
76.88558	6.6328793004004725
77.05236000000001	7.575871705323263
77.21914	6.671956637940538
77.38592	5.287801323402199
77.55270000000002	6.6743833349803365
77.71948	7.380602766449333
77.88626000000001	7.409215864973456
78.05304	6.6620533232628825
78.21982000000001	6.261300698469477
78.3866	6.427432759590637
78.55338	5.9565422078491554
78.72015999999999	6.06190739148259
78.88694000000001	7.066318676947159
79.05372000000001	8.608950307898949
79.2205	8.071688686865611
79.38728	6.602695840152299
79.55405999999999	6.285625107152709
79.72084000000001	6.217561238789462
79.88762	6.602147864876404
80.0544	7.051381203456006
80.22118	8.693970634808563
80.38796	8.879488209439819
80.55474000000001	6.98406768875464
80.72152	7.01003239171135
80.8883	7.704117907582177
81.05508	7.891484582557924
81.22186	6.962888748646229
81.38864	7.434834007765868
81.55542	7.727193298778232
81.72220000000002	6.554122763284491
81.88898	6.579783704933792
82.05576	7.783093657450832
82.22254	8.838686988442072
82.38932000000001	8.519245375615263
82.5561	7.947365400521505
82.72288	8.022720612844763
82.88966	8.218622648438958
83.05644000000001	8.28664999923606
83.22322000000001	9.7474709979533
83.39	11.176185649454933
83.55678	9.77737009804053
83.72355999999999	8.55665602106457
83.89034000000001	8.919199843157317
84.05712000000001	8.78837378908665
84.2239	9.243719791712703
84.39068	10.076140683775085
84.55746	10.345339643675935
84.72424000000001	9.68857867780008
84.89102	9.810588257140608
85.0578	13.030029715283952
85.22458	14.773352014982168
85.39136	14.433420669744319
85.55814000000001	14.69994715124209
85.72492	14.215613419311651
85.89170000000001	16.382054651838015
86.05848	18.122836764767726
86.22526	16.902405053086603
86.39204	18.16222367449231
86.55882000000001	22.92026968911559
86.72560000000001	29.91448468204513
86.89238	29.789367905499446
87.05916	28.628233272695436
87.22594000000001	36.328117176509465
87.39272000000001	41.197023217847914
87.5595	36.504315900026235
87.72628	40.84343352015066
87.89305999999999	39.99467621277184
88.05984000000001	34.42769468911382
88.22662000000001	35.22217642893884
88.3934	34.522126169709885
88.56018	39.5677732961082
88.72696	41.83152227823655
88.89374000000001	37.52405105010304
89.06052	33.31764405670473
89.2273	32.22707510713873
89.39408000000002	49.87178408060442
89.56086	52.80216359940383
89.72764000000001	33.751985676838636
89.89442	35.51085415941249
90.06120000000001	33.53581002388303
90.22798	23.739014606750644
90.39476	18.184699748961144
90.56154	15.918232904249775
90.72832000000001	13.716715917506528
90.89510000000001	10.15331592448997
91.06188	8.783955187982242
91.22866	9.44739306441712
91.39544000000001	8.048890328308607
91.56222000000001	7.011880761060386
91.729	8.406216363381757
91.89578	7.605488903697555
92.06255999999999	8.180868897730447
92.22934000000001	7.197169971344298
92.39612000000001	6.740498926727502
92.5629	9.02214606034511
92.72968	7.823213842480139
92.89646	6.9446830901078105
93.06324000000001	7.53922718995983
93.23002	5.925812008868806
93.3968	7.642594948512223
93.56358000000002	9.619126707620312
93.73036	7.5665800835456
93.89714000000001	6.955551942429326
94.06392	7.4590431172870435
94.23070000000001	7.430982567396247
94.39748	8.549717954814568
94.56426	8.194486968338676
94.73104	5.877522643147283
94.89782000000001	4.092528892366109
95.06460000000001	4.553412394440345
95.23138	5.986486209991149
95.39816	5.681986120897346
95.56494	5.437566267397715
95.73172000000001	5.352122939084507
95.8985	5.9350463992651115
96.06528	6.339993054379462
96.23206	7.254520692346412
96.39884	8.322100870262231
96.56562000000001	7.790059085768463
96.7324	6.567040321628743
96.89918	6.004141223997895
97.06596	6.700518772710581
97.23274	8.340531592444869
97.39952	8.655418547271715
97.5663	7.037082434562154
97.73308000000002	6.217283792342567
97.89986	5.590687260337783
98.06664	5.078538338264295
98.23342	8.980163273514489
98.40020000000001	10.232823148070837
98.56698	6.962567521524781
98.73376	6.111510521955184
98.90054	5.36348713500896
99.06732000000001	6.686906803816109
99.23410000000001	7.071296515927704
99.40088	6.106885477583508
99.56766	7.191480629792903
99.73444	5.7992362737212515
99.90122000000001	5.174596120768181
100.06800000000001	7.763776076744249
100.23478	6.871415575436833
100.40156	5.432337748701146
100.56834	6.812989630385647
100.73512000000001	6.667786814402425
100.9019	7.53756965434355
101.06868	9.411865744343958
101.23546	6.838304719443022
101.40224	4.663776317278261
101.56902000000001	6.167514930853065
101.7358	7.4654300305292285
101.90258000000001	9.459661639333419
102.06936	9.736755147177726
102.23614	7.985589754198967
102.40292	4.821230414133039
102.56970000000001	5.58441731320057
102.73648000000001	7.395579477512426
102.90326	5.048581505639275
103.07004	5.321031410708535
103.23682000000001	5.308715366957694
103.40360000000001	5.750778450145291
103.57038	9.444849453974294
103.73716	9.65519665469819
103.90394	7.510881112657664
104.07072000000001	8.552754039532365
104.23750000000001	8.895888383370735
104.40428	8.007675838199264
104.57106	9.047064557527712
104.73784	8.568420944990299
104.90462000000001	6.501325930248408
105.0714	6.733838269837842
105.23818	7.063128179442525
105.40496000000002	7.538473384320736
105.57174	7.972069734578264
105.73852000000001	3.9489438620472317
105.9053	5.112814168738804
106.07208000000001	9.733969603589365
106.23886	8.688406758038301
106.40564	8.960661597116058
106.57242	8.38019396155794
106.73920000000001	7.815070603830995
106.90598000000001	10.473434537682794
107.07276	8.459632278325325
107.23954	7.464488073100664
107.40632000000001	8.328830638917369
107.57310000000001	9.266258206723396
107.73988	11.140726916079753
107.90666	6.855849247731765
108.07344000000002	7.544448301105633
108.24022000000001	9.436546351791145
108.40700000000001	11.049103699464917
108.57378	10.540278049631771
108.74056	7.591860194128736
108.90734	10.234198368166336
109.07412000000001	10.822201760749172
109.2409	9.847119792227442
109.40768	10.113506333477286
109.57446000000002	13.465432157197283
109.74124	15.125155917127136
109.90802000000001	10.484531781678587
110.0748	12.46761648856991
110.24158000000001	17.323836688340545
110.40836	14.719402129815867
110.57514	18.573314626529985
110.74192	18.22192534813172
110.90870000000001	15.027262043850792
111.07548000000001	19.056799410200245
111.24226	19.6654869409474
111.40904	21.128868508421316
111.57582000000001	28.17788122803655
111.74260000000001	27.595416329407065
111.90938	18.758878727216594
112.07616	17.316818601023027
112.24294000000002	17.646685917010444
112.40972000000001	24.122745630469222
112.57650000000001	33.27034612479993
112.74328	29.27232115087349
112.91006	23.371212483508206
113.07684	26.935470592970965
113.24362	34.44223433516244
113.4104	31.977715594287794
113.57718	27.171006886071872
113.74396000000002	24.730953425196034
113.91074	23.115276377269296
114.07752	26.249203094015808
114.2443	22.99751523422138
114.41108000000001	22.07449390237708
114.57786	21.714391325988064
114.74464	20.481295243900778
114.91142	18.752443515572253
115.07820000000001	17.55938090625202
115.24498000000001	17.110382665180865
115.41176	18.308535485733987
115.57854	25.072437307189926
115.74532	19.546833261229256
115.91210000000001	22.594983938397522
116.07888	23.60613590377119
116.24566	13.798939274265935
116.41244000000002	14.390423341247237
116.57922	15.323242926447397
116.74600000000001	19.316914319802645
116.91278	23.054506454780466
117.07956	21.258754084621646
117.24634	32.59595222898304
117.41312	34.216858187943025
117.57990000000001	23.299488247618754
117.74668	25.965637053744377
117.91346000000001	23.49787937642444
118.08024	15.431715053535896
118.24702	14.42580291240136
118.4138	15.391972581374505
118.58058000000001	17.863269205825606
118.74736000000001	25.860312682885382
118.91414	29.235145364797926
119.08092	23.63838473751931
119.24770000000001	21.89018091651975
119.41448000000001	19.282417736507593
119.58126	19.622819270906557
119.74804	22.152310607709495
119.91482	28.79043008564731
120.08160000000001	27.85158512838432
120.24838000000001	23.036508764937754
120.41516	30.55206866428468
120.58194000000002	25.136164823637287
120.74872	17.52459717154501
120.91550000000001	21.37312353757264
121.08228	18.829782514885064
121.24906	16.886513637354838
121.41584000000002	23.579529792802738
121.58262	20.348584164328347
121.74940000000001	15.048982095295102
121.91618	14.04707197178679
122.08296000000001	11.18214953787044
122.24974	9.082601258546585
122.41652	11.872697145033563
122.5833	16.52507091694075
122.75008000000001	22.33359065339825
122.91686000000001	16.226360364574152
123.08364	9.26460772243179
123.25042	22.292131844892502
123.41720000000001	31.333589411557366
123.58398000000001	27.3829087238218
123.75076	20.925724648197598
123.91754	20.518050769073742
124.08432000000002	23.13221183799554
124.25110000000001	24.13588597944245
124.41788000000001	29.238835484522436
124.58466	24.0531233510353
124.75144000000002	18.34125217999814
124.91822	19.11465402520744
125.08500000000001	19.865455458402764
125.25178	20.321596487394416
125.41856	16.243571608708223
125.58534000000002	18.98842525720029
125.75212	24.539197213261048
125.91890000000001	26.46188386647165
126.08568	15.527245638992586
126.25246000000001	9.800882835328078
126.41924	15.263531054006206
126.58602	19.444035562018467
126.7528	19.904076495695417
126.91958000000001	16.02913516278797
127.08636000000001	15.568562556302584
127.25314	13.192979186143736
127.41992	13.24692552661644
127.58670000000001	15.483117213604029
127.75348000000001	18.648938728066263
127.92026	18.69777308359625
128.08704	15.759967812340907
128.25382000000002	23.37678556945489
128.4206	19.498965664271456
128.58738	9.80326002670086
128.75416	12.242521238798645
128.92094	19.12396085247139
129.08772000000002	23.061674527921678
129.2545	19.156676504408242
129.42128	16.632636271978846
129.58806	14.674226817431801
129.75484	16.317649614836956
129.92162000000002	26.14150619492995
130.0884	22.251059349430864
130.25518	9.905352536838283
130.42196	12.314379690919525
130.58874	20.160725561616285
130.75552	20.66153485565405
130.9223	14.037511966344368
131.08908000000002	14.81087546991475
131.25586	20.427193276544642
131.42264	19.143349498819163
131.58942	9.090653312100118
131.7562	6.700525489280328
131.92298	15.374257375893981
132.08976	19.3007020312236
132.25654	15.887020182877874
132.42332000000002	12.174784502126297
132.5901	10.857958810540365
132.75688	13.21614903678755
132.92366	25.316517272200752
133.09044	23.424127509433358
133.25722000000002	14.629987561810694
133.424	16.372177683251657
133.59078	14.67338134945173
133.75756	25.873109171204902
133.92434	25.380792646808576
134.09112	5.523327564095607
134.2579	4.034179252407533
134.42468000000002	7.225691300171638
134.59146	8.304661303747174
134.75824	7.174085105510185
134.92502000000002	4.976060168001258
135.0918	8.079883643687381
135.25858	9.605446220345188
135.42535999999998	10.547944265434626
135.59214000000003	12.340735403248985
135.75892000000002	14.417277580767324
135.9257	11.489634452211503
136.09248000000002	5.215703130146193
136.25926	3.9844553071242435
136.42604	6.753955114536565
136.59282	13.962338269269711
136.7596	16.302043539131876
136.92638000000002	8.696326257423513
137.09316	7.461115861251203
137.25994	4.831236429280679
137.42672000000002	1.4699056463043678
137.5935	5.232377430301645
137.76028	10.358944228442725
137.92706	13.828101484085598
138.09384	9.919472780830773
138.26062	3.4613137095160087
138.4274	8.920784053780626
138.59418000000002	20.175518188699076
138.76096	19.80783125628693
138.92774	10.90828290163051
139.09452000000002	8.999130612728512
139.2613	3.779318264325827
139.42808	-2.9684269383933986
139.59485999999998	11.994399243675904
139.76164000000003	13.992887543458407
139.92842000000002	10.829937091245396
140.0952	24.281230450438642
140.26198000000002	24.03814036648917
140.42876	15.919014716091349
140.59554	18.620408449668364
140.76232	19.622311831231922
140.9291	15.453893947608353
141.09588000000002	12.44032956024848
141.26266	8.09774206279202
141.42944000000003	9.853478963752826
141.59622000000002	6.372029683757257
141.763	2.1281001567344013
141.92978	2.1306038039776176
142.09656	2.817113132138372
142.26334	1.981090360970058
142.43012	2.6835693052731804
142.5969	9.865087714256461
142.76368000000002	7.075571535470363
142.93046	6.729727236780209
143.09724	7.049493402318616
143.26402000000002	8.384295679547288
143.4308	11.011004645631028
143.59758	9.708689951708315
143.76435999999998	18.26355961311464
143.93114000000003	10.45146284715192
144.09792000000002	3.4438733427122026
144.2647	10.35088579990611
144.43148000000002	8.028664613108818
144.59826	4.973354294134131
144.76504	7.545159675825474
144.93182	7.692270737395816
145.0986	8.77122675543743
145.26538000000002	12.544303762001846
145.43216	7.327747635305543
145.59894000000003	3.347009092153464
145.76572000000002	8.412179726729768
145.9325	14.473433377946137
146.09928	8.158483150486727
146.26606	0.0900511737430542
146.43284	14.388159097944309
146.59962	15.978119514860177
146.76640000000003	2.8275729188161614
146.93318000000002	3.621898797526892
147.09996	2.370953386444032
147.26674	5.809460044998439
147.43352000000002	17.26080394745316
147.6003	10.464448911189315
147.76708	0.3280528964487874
147.93385999999998	4.430740128190921
148.10064000000003	5.4893064225885775
148.26742000000002	1.0425045529423889
148.4342	2.335291323120023
148.60098000000002	9.48471399359347
148.76776	4.5203441655341265
148.93454	10.671026199496264
149.10132	13.286541112020215
149.2681	3.802126869506743
149.43488000000002	5.953483662344357
149.60166	13.577004912291438
149.76844000000003	10.37474969316251
149.93522000000002	1.5029495442366072
150.102	4.367881194405103
150.26878	3.30977981531448
150.43556	6.2508735772362405
150.60234	4.748469346095475
150.76912	-1.3181160029967547
150.93590000000003	2.9274594003136283
151.10268000000002	27.216651780568757
151.26946	31.902136757864113
151.43624	7.597739673552053
151.60302000000001	5.102635607432359
151.7698	5.108249067946585
151.93658	-0.34531621406661234
152.10335999999998	-0.34569526589324967
152.27014000000003	4.4207154526518915
152.43692000000001	4.941512889341646
152.6037	0.5165201402889983
152.77048000000002	1.253263155640786
152.93726	6.177641995042254
153.10404	3.8677759866037627
153.27082	-0.1146549019194224
153.4376	0.9481342865061709
153.60438000000002	0.
153.77116	6.6746906702601985
153.93794000000003	11.51442196554847
154.10472000000001	3.2786533394510595
154.2715	-1.5607610893135004
154.43828	2.4407483584310405
154.60506	2.4433841557943574
154.77184	1.6610119925418474
154.93862	2.311913805840706
155.10540000000003	4.815800022598748
155.27218000000002	9.319827005121516
155.43896	12.280131039031806
155.60574	7.132886849062985
155.77252000000001	10.86420401411571
155.9393	17.994336330291496
156.10608	7.126114232264884
156.27286	0.8398842341175983
156.43964000000003	0.8407805886897622
156.60642	0.
156.7732	-0.3193689503899698
156.93998000000002	-0.3197087045925123
157.10676	4.915881663780058
157.27354	5.558345506233811
157.44031999999999	0.6379212785735655
157.6071	-2.1491379693372403
157.77388000000002	-2.151412189410613
157.94066	3.208137226537539
158.10744000000003	3.2115249110428588
158.27422	7.932550599584511
158.441	7.940909451638866
158.60778	1.4766543478882561
158.77456	1.7706578738642333
158.94134	9.592268058704386
159.10811999999999	9.391513612800187
159.27490000000003	0.7204646989858506
159.44168000000002	3.9450567893089006
159.60846	3.309713103195306
159.77524	0.
159.94202	-0.5004526252261663
160.1088	-1.453322578090695
160.27558	0.1609517400586785
160.44236	1.1154513866645936
160.60914000000002	-0.7776802542066149
160.77592	-0.9481851807229681
160.9427	6.141590195487788
161.10948000000002	6.318004091275006
161.27626	0.
161.44304	0.
161.60982	0.
161.7766	0.
161.94338000000002	-1.5881613399861771
162.11016	10.294406343508813
162.27694000000002	12.524487768292174
162.44372	0.6287029554379014
162.6105	-2.1222641913040454
162.77728	-1.893635599594762
162.94406	-1.1114537637947746
163.11084	-1.34386961735158
163.27761999999998	0.
163.44440000000003	-0.416177430460309
163.61118000000002	1.2529510052089339
163.77796	1.6712549356144581
163.94474	-0.5673449353307835
164.11152	-2.707925766496898
164.2783	-3.936440531209155
164.44508	-1.796083581858408
164.61186	14.6319327797622
164.77864000000002	14.646757433034503
164.94542	-0.6985035757433672
165.1122	-0.699209848317425
165.27898000000002	6.65186116583131
165.44576	10.01748083384089
165.61254	6.258985642686564
165.77932	2.8996096054897396
165.9461	0.
166.11288000000002	-0.16266059364220956
166.27966	-0.16282390749124792
166.44644000000002	0.
166.61322	0.
166.78	0.
166.94678000000002	0.02183907557461363
167.11356	0.021860892832929926
167.28034	1.8476915323973004
167.44711999999998	1.8495336974345857
167.61390000000003	3.3769788853084286
167.78068000000002	3.3803390633037607
167.94746	0.6485625898935896
168.11424000000002	0.5239843348469275
168.28102	-0.12534656851178708
168.4478	0.
168.61458	0.
168.78136	0.3111418857638742
168.94814000000002	16.15246092238526
169.11492	15.856649367225138
169.2817	-0.8569149675728461
169.44848000000002	4.995966949590051
169.61526	5.859487958005082
169.78204	1.6373515326862358
169.94882	3.6245944228181814
170.1156	5.550034771052696
170.28238000000002	3.565944519155628
170.44916	0.
170.61594000000002	0.
170.78272	0.
170.9495	0.
171.11628000000002	0.
171.28306	0.
171.44984	0.
171.61661999999998	0.
171.78340000000003	0.
171.95018000000002	0.
172.11696	0.
172.28374000000002	0.
172.45052	0.
172.6173	0.
172.78408	0.
172.95086	0.
173.11764000000002	0.
173.28442	0.
173.45120000000003	0.
173.61798000000002	0.
173.78476	0.
173.95154	0.
174.11832	0.
174.2851	0.
174.45188000000002	0.
174.61866	0.
174.78544000000002	0.
174.95222	0.
175.119	0.
175.28578000000002	0.
175.45256	0.
175.61934	0.
175.78611999999998	0.
175.95290000000003	0.
176.11968000000002	0.
176.28646	0.
176.45324000000002	0.
176.62002	0.
176.7868	0.
176.95358	0.
177.12036	0.
177.28714000000002	0.
177.45392	0.
177.62070000000003	0.
177.78748000000002	0.
177.95426	0.
178.12104	0.
178.28782	0.
178.4546	0.
178.62138000000002	0.
178.78816000000003	0.
178.95494000000002	0.
179.12172	0.
179.2885	0.
179.45528000000002	0.
179.62206	0.
179.78884	0.
179.95561999999998	0.
180.12240000000003	0.
180.28918000000002	0.
180.45596	0.
180.62274000000002	0.
180.78952	0.
180.9563	0.
181.12308	0.
181.28986	0.
181.45664000000002	0.
181.62342	0.
181.79020000000003	0.
181.95698000000002	0.
182.12376	0.
182.29054	0.
182.45732	0.
182.6241	0.
182.79088000000002	0.
182.95766000000003	0.
183.12444000000002	0.
183.29122	0.
183.458	0.
183.62478000000002	0.
183.79156	0.
183.95834	0.
184.12511999999998	0.
184.29190000000003	0.
184.45868000000002	0.
184.62546	0.
184.79224000000002	0.
184.95902	0.
185.1258	0.
185.29258	0.
185.45936	0.
185.62614000000002	0.
185.79292	0.
185.95970000000003	0.
186.12648000000002	0.
186.29326	0.
186.46004	0.
186.62682	0.
186.7936	0.
186.96038000000001	0.
187.12716000000003	0.
187.29394000000002	0.
187.46072	0.
187.6275	0.
187.79428000000001	0.
187.96106	0.
188.12784	0.
188.29462	0.
188.46140000000003	0.
188.62818000000001	0.
188.79496	0.
188.96174000000002	0.
189.12852	0.
189.2953	0.
189.46208	0.
189.62886	0.
189.79564000000002	0.
189.96242	0.
190.12920000000003	0.
190.29598000000001	0.
190.46276	0.
190.62954	0.
190.79632	0.
190.9631	0.
191.12988	0.
191.29666000000003	0.
191.46344000000002	0.
191.63022	0.
191.797	0.
191.96378	0.
192.13056	0.
192.29734	0.
192.46412	0.
192.63090000000003	0.
192.79768	0.
192.96446	0.
193.13124000000002	0.
193.29802	0.
193.4648	0.
193.63158	0.
193.79836	0.
193.96514000000002	0.
194.13192	0.
194.29870000000003	0.
194.46548	0.
194.63226	0.
194.79904	0.
194.96582	0.
195.1326	0.
195.29938	0.
195.46616000000003	0.
195.63294000000002	0.
195.79972	0.
195.9665	0.
196.13328	0.
196.30006	0.
196.46684	0.
196.63362	0.
196.80040000000002	0.
196.96718	0.
197.13396	0.
197.30074000000002	0.
197.46752	0.
197.6343	0.
197.80108	0.
197.96786	0.
198.13464000000002	0.
198.30142	0.
198.46820000000002	0.
198.63498	0.
198.80176	0.
198.96854000000002	0.
199.13532	0.
199.3021	0.
199.46888	0.
199.63566000000003	0.
199.80244000000002	0.
199.96922	0.
200.13600000000002	0.
200.30278	0.
200.46956	0.
200.63634	0.
200.80312	0.
200.96990000000002	0.
201.13668	0.
201.30346	0.
201.47024000000002	0.
201.63702	0.
201.8038	0.
201.97058	0.
202.13736	0.
202.30414000000002	0.
202.47092	0.
202.63770000000002	0.
202.80448	0.
202.97126	0.
203.13804000000002	0.
203.30482	0.
203.4716	0.
203.63838	0.
203.80516000000003	0.
203.97194000000002	0.
204.13872	0.
204.30550000000002	0.
204.47228	0.
204.63906	0.
204.80584	0.
204.97262	0.
205.13940000000002	0.
205.30618	0.
205.47296000000003	0.
205.63974000000002	0.
205.80652	0.
205.9733	0.
206.14008	0.
206.30686	0.
206.47364000000002	0.
206.64042	0.
206.80720000000002	0.
206.97398	0.
207.14076	0.
207.30754000000002	0.
207.47432	0.
207.6411	0.
207.80788	0.
207.97466000000003	0.
208.14144000000002	0.
208.30822	0.
208.47500000000002	0.
208.64178	0.
208.80856	0.
208.97534	0.
209.14212	0.
209.30890000000002	0.
209.47568	0.
209.64246000000003	0.
209.80924000000002	0.
209.97602	0.
210.1428	0.
210.30958	0.
210.47636	0.
210.64314000000002	0.
210.80992000000003	0.
210.97670000000002	0.
211.14348	0.
211.31026	0.
211.47704000000002	0.
211.64382	0.
211.8106	0.
211.97738	0.
212.14416000000003	0.
212.31094000000002	0.
212.47772	0.
212.64450000000002	0.
212.81128	0.
212.97806	0.
213.14484	0.
213.31162	0.
213.47840000000002	0.
213.64518	0.
213.81196000000003	0.
213.97874000000002	0.
214.14552	0.
214.3123	0.
214.47908	0.
214.64586	0.
214.81264000000002	0.
214.97942000000003	0.
215.14620000000002	0.
215.31298	0.
215.47976	0.
215.64654000000002	0.
215.81332	0.
215.9801	0.
216.14688000000004	0.
216.31366000000003	0.
216.48044000000002	0.
216.64722	0.
216.81400000000002	0.
216.98078	0.
217.14756	0.
217.31434	0.
217.48112	0.
217.64790000000002	0.
217.81468	0.
217.98146000000003	0.
218.14824000000002	0.
218.31502	0.
218.4818	0.
218.64858	0.
218.81536	0.
218.98214000000002	0.
219.14892000000003	0.
219.31570000000002	0.
219.48248	0.
219.64926	0.
219.81604000000002	0.
219.98282	0.
220.1496	0.
220.31638000000004	0.
220.48316000000003	0.
220.64994000000002	0.
220.81672	0.
220.98350000000002	0.
221.15028	0.
221.31706	0.
221.48384	0.
221.65062	0.
221.81740000000002	0.
221.98418	0.
222.15096000000003	0.
222.31774000000001	0.
222.48452	0.
222.6513	0.
222.81808	0.
222.98486	0.
223.15164000000001	0.
223.31842000000003	0.
223.48520000000002	0.
223.65198	0.
223.81876	0.
223.98554000000001	0.
224.15232	0.
224.3191	0.
224.48588000000004	0.
224.65266000000003	0.
224.81944000000001	0.
224.98622	0.
225.15300000000002	0.
225.31978	0.
225.48656	0.
225.65334000000001	0.
225.82012	0.
225.98690000000002	0.
226.15368	0.
226.32046000000003	0.
226.48724	0.
226.65402	0.
226.8208	0.
226.98758	0.
227.15436	0.
227.32114	0.
227.48792000000003	0.
227.65470000000002	0.
227.82148	0.
227.98826	0.
228.15504	0.
228.32182	0.
228.4886	0.
228.65538000000004	0.
228.82216000000003	0.
228.98894	0.
229.15572	0.
229.32250000000002	0.
229.48928	0.
229.65606	0.
229.82284	0.
229.98962	0.
230.15640000000002	0.
230.32318	0.
230.48996000000002	0.
230.65674	0.
230.82352	0.
230.99030000000002	0.
231.15708	0.
231.32386	0.
231.49064	0.
231.65742000000003	0.
231.82420000000002	0.
231.99098	0.
232.15776	0.
232.32454	0.
232.49132	0.
232.6581	0.
232.82488000000004	0.
232.99166000000002	0.
233.15844	0.
233.32522	0.
233.49200000000002	0.
233.65878	0.
233.82556	0.
233.99234	0.
234.15912	0.
234.32590000000002	0.
234.49268	0.
234.65946000000002	0.
234.82624	0.
234.99302	0.
235.15980000000002	0.
235.32658	0.
235.49336	0.
235.66014	0.
235.82692000000003	0.
235.99370000000002	0.
236.16048	0.
236.32726000000002	0.
236.49404	0.
236.66082	0.
236.8276	0.
236.99438000000004	0.
237.16116000000002	0.
237.32794	0.
237.49472000000003	0.
237.66150000000002	0.
237.82828	0.
237.99506	0.
238.16184	0.
238.32862	0.
238.49540000000002	0.
238.66218	0.
238.82896000000002	0.
238.99574	0.
239.16252	0.
239.32930000000002	0.
239.49608	0.
239.66286	0.
239.82964	0.
239.99642000000003	0.
240.16320000000002	0.
240.32998	0.
240.49676000000002	0.
240.66354	0.
240.83032	0.
240.9971	0.
241.16388000000003	0.
241.33066000000002	0.
241.49744	0.
241.66422000000003	0.
241.83100000000002	0.
241.99778	0.
242.16456	0.
242.33134	0.
242.49812	0.
242.66490000000002	0.
242.83168000000003	0.
242.99846000000002	0.
243.16524	0.
243.33202	0.
243.49880000000002	0.
243.66558	0.
243.83236	0.
243.99914	0.
244.16592000000003	0.
244.33270000000002	0.
244.49948	0.
244.66626000000002	0.
244.83304	0.
244.99982	0.
245.1666	0.
245.33338000000003	0.
245.50016000000002	0.
245.66694	0.
245.83372000000003	0.
246.00050000000002	0.
246.16728	0.
246.33406	0.
246.50084	0.
246.66762	0.
246.83440000000002	0.
247.00118000000003	0.
247.16796000000002	0.
247.33474	0.
247.50152	0.
247.66830000000002	0.
247.83508	0.
248.00186	0.
248.16864000000004	0.
248.33542000000003	0.
248.50220000000002	0.
248.66898	0.
248.83576000000002	0.
249.00254	0.
249.16932	0.
249.3361	0.
249.50288000000003	0.
249.66966000000002	0.
249.83644	0.
250.00322000000003	0.
250.17000000000002	0.
250.33678	0.
250.50356	0.
250.67034	0.
250.83712	0.
251.00390000000002	0.
251.17068000000003	0.
251.33746000000002	0.
251.50424	0.
251.67102	0.
251.83780000000002	0.
252.00458	0.
252.17136	0.
252.33814000000004	0.
252.50492000000003	0.
252.67170000000002	0.
252.83848	0.
253.00526000000002	0.
253.17204	0.
253.33882	0.
253.5056	0.
253.67238000000003	0.
253.83916000000002	0.
254.00594	0.
254.17272000000003	0.
254.33950000000002	0.
254.50628	0.
254.67306	0.
254.83984	0.
255.00662	0.
255.17340000000002	0.
255.34018000000003	0.
255.50696000000002	0.
255.67374	0.
255.84052	0.
256.0073	0.
256.17408	0.
256.34086	0.
256.50764000000004	0.
256.67442	0.
256.8412	0.
257.00798000000003	0.
257.17476	0.
257.34154	0.
257.50832	0.
257.6751	0.
257.84188	0.
258.00866	0.
258.17544000000004	0.
258.34222	0.
258.509	0.
258.67578000000003	0.
258.84256	0.
259.00934	0.
259.17612	0.
259.34290000000004	0.
259.50968	0.
259.67646	0.
259.84324000000004	0.
260.01002	0.
260.1768	0.
260.34358000000003	0.
260.51036	0.
260.67714	0.
260.84392	0.
261.01070000000004	0.
261.17748	0.
261.34426	0.
261.51104	0.
261.67782	0.
261.8446	0.
262.01138000000003	0.
262.17816000000005	0.
262.34494	0.
262.51172	0.
262.6785	0.
262.84528	0.
263.01206	0.
263.17884	0.
263.34562	0.
263.5124	0.
263.67918000000003	0.
263.84596	0.
264.01274	0.
264.17952	0.
264.3463	0.
264.51308	0.
264.67986	0.
264.84664000000004	0.
265.01342	0.
265.1802	0.
265.34698000000003	0.
265.51376	0.
265.68054	0.
265.84732	0.
266.0141	0.
266.18088	0.
266.34766	0.
266.51444000000004	0.
266.68122	0.
266.848	0.
267.01478000000003	0.
267.18156	0.
267.34834	0.
267.51512	0.
267.68190000000004	0.
267.84868	0.
268.01546	0.
268.18224	0.
268.34902	0.
268.5158	0.
268.68258000000003	0.
268.84936000000005	0.
269.01614	0.
269.18292	0.
269.3497	0.
269.51648	0.
269.68326	0.
269.85004000000004	0.
270.01682000000005	0.
270.1836	0.
270.35038000000003	0.
270.51716	0.
270.68394	0.
270.85071999999997	0.
271.01750000000004	0.
271.18428000000006	0.
271.35106	0.
271.51784000000004	0.
271.68462	0.
271.8514	0.
272.01818	0.
272.18496000000005	0.
272.35174	0.
272.51852	0.
272.68530000000004	0.
272.85208	0.
273.01886	0.
273.18564	0.
273.35242	0.
273.5192	0.
273.68598000000003	0.
273.85276000000005	0.
274.01954	0.
274.18632	0.
274.3531	0.
274.51988	0.
274.68666	0.
274.85344000000003	0.
275.02022	0.
275.187	0.
275.35378000000003	0.
275.52056	0.
275.68734	0.
275.85412	0.
276.02090000000004	0.
276.18768	0.
276.35446	0.
276.52124	0.
276.68802	0.
276.8548	0.
277.02158000000003	0.
277.18836000000005	0.
277.35514	0.
277.52192	0.
277.6887	0.
277.85548	0.
278.02226	0.
278.18904000000003	0.
278.35582000000005	0.
278.5226	0.
278.68938	0.
278.85616	0.
279.02294	0.
279.18971999999997	0.
279.35650000000004	0.
279.52328000000006	0.
279.69006	0.
279.85684000000003	0.
280.02362	0.
280.1904	0.
280.35717999999997	0.
280.52396000000005	0.
280.69074	0.
280.85752	0.
281.02430000000004	0.
281.19108	0.
281.35786	0.
281.52464	0.
281.69142000000005	0.
281.8582	0.
282.02498	0.
282.19176000000004	0.
282.35854	0.
282.52532	0.
282.6921	0.
282.85888000000006	0.
283.02566	0.
283.19244000000003	0.
283.35922	0.
283.526	0.
283.69278	0.
283.85956	0.
284.02634	0.
284.19312	0.
284.35990000000004	0.
284.52668	0.
284.69346	0.
284.86024	0.
285.02702	0.
285.1938	0.
285.36058	0.
285.52736000000004	0.
285.69414	0.
285.86092	0.
286.0277	0.
286.19448	0.
286.36126	0.
286.52804000000003	0.
286.69482000000005	0.
286.8616	0.
287.02838	0.
287.19516	0.
287.36194	0.
287.52871999999996	0.
287.69550000000004	0.
287.86228000000006	0.
288.02906	0.
288.19584000000003	0.
288.36262	0.
288.5294	0.
288.69617999999997	0.
288.86296000000004	0.
289.02974	0.
289.19652	0.
289.36330000000004	0.
289.53008	0.
289.69686	0.
289.86364	0.
290.03042000000005	0.
290.1972	0.
290.36398	0.
290.53076000000004	0.
290.69754	0.
290.86432	0.
291.0311	0.
291.19788000000005	0.
291.36466	0.
291.53144000000003	0.
291.69822	0.
291.865	0.
292.03178	0.
292.19856	0.
292.36534000000006	0.
292.53212	0.
292.69890000000004	0.
292.86568	0.
293.03246	0.
293.19924	0.
293.36602	0.
293.53280000000007	0.
293.69958	0.
293.86636000000004	0.
294.03314	0.
294.19992	0.
294.3667	0.
294.53348	0.
294.70026000000007	0.
294.86704000000003	0.
295.03382000000005	0.
295.2006	0.
295.36738	0.
295.53416	0.
295.70094	0.
295.86771999999996	0.
296.03450000000004	0.
296.20128000000005	0.
296.36806	0.
296.53484000000003	0.
296.70162	0.
296.8684	0.
297.03517999999997	0.
297.20196000000004	0.
297.36874	0.
297.53552	0.
297.70230000000004	0.
297.86908	0.
298.03586	0.
298.20264	0.
298.36942000000005	0.
298.5362	0.
298.70298	0.
298.86976000000004	0.
299.03654	0.
299.20332	0.
299.3701	0.
299.53688000000005	0.
299.70366	0.
299.87044000000003	0.
300.03722	0.
300.204	0.
300.37078	0.
300.53756	0.
300.70434000000006	0.
300.87112	0.
301.03790000000004	0.
301.20468	0.
301.37146	0.
301.53824	0.
301.70502	0.
301.87180000000006	0.
302.03858	0.
302.20536000000004	0.
302.37214	0.
302.53892	0.
302.7057	0.
302.87248	0.
303.03926000000007	0.
303.20604000000003	0.
303.37282000000005	0.
303.5396	0.
303.70638	0.
303.87316	0.
304.03994	0.
304.20671999999996	0.
304.37350000000004	0.
304.54028000000005	0.
304.70706	0.
304.87384000000003	0.
305.04062	0.
305.2074	0.
305.37417999999997	0.
305.54096000000004	0.
305.70774	0.
305.87452	0.
306.04130000000004	0.
306.20808	0.
306.37486	0.
306.54164	0.
306.70842000000005	0.
306.8752	0.
307.04198	0.
307.20876000000004	0.
307.37554	0.
307.54232	0.
307.7091	0.
307.87588000000005	0.
308.04266	0.
308.20944000000003	0.
308.37622	0.
308.543	0.
308.70978	0.
308.87656	0.
309.04334000000006	0.
309.21012	0.
309.37690000000003	0.
309.54368	0.
309.71046	0.
309.87724	0.
310.04402	0.
310.21080000000006	0.
310.37758	0.
310.54436000000004	0.
310.71114	0.
310.87792	0.
311.0447	0.
311.21148	0.
311.37826000000007	0.
311.54504000000003	0.
311.71182000000005	0.
311.8786	0.
312.04538	0.
312.21216	0.
312.37894	0.
312.54572	0.
312.71250000000003	0.
312.87928000000005	0.
313.04606	0.
313.21284	0.
313.37962	0.
313.5464	0.
313.71318	0.
313.87996000000004	0.
314.04674	0.
314.21352	0.
314.38030000000003	0.
314.54708	0.
314.71386	0.
314.88063999999997	0.
315.04742000000005	0.
315.2142	0.
315.38098	0.
315.54776000000004	0.
315.71454	0.
315.88132	0.
316.0481	0.
316.21488000000005	0.
316.38166	0.
316.54844	0.
316.71522	0.
316.882	0.
317.04878	0.
317.21556	0.
317.38234000000006	0.
317.54912	0.
317.71590000000003	0.
317.88268	0.
318.04946	0.
318.21623999999997	0.
318.38302	0.
318.54980000000006	0.
318.71658	0.
318.88336000000004	0.
319.05014	0.
319.21692	0.
319.3837	0.
319.55048	0.
319.71726000000007	0.
319.88404	0.
320.05082000000004	0.
320.2176	0.
320.38438	0.
320.55116	0.
320.71794	0.
320.88472	0.
321.05150000000003	0.
321.21828000000005	0.
321.38506	0.
321.55184	0.
321.71862	0.
321.8854	0.
322.05218	0.
322.21896000000004	0.
322.38574	0.
322.55252	0.
322.71930000000003	0.
322.88608	0.
323.05286	0.
323.21964	0.
323.38642000000004	0.
323.5532	0.
323.71998	0.
323.88676000000004	0.
324.05354	0.
324.22032	0.
324.38710000000003	0.
324.55388000000005	0.
324.72066	0.
324.88744	0.
325.05422	0.
325.221	0.
325.38778	0.
325.55456	0.
325.72134000000005	0.
325.88812	0.
326.05490000000003	0.
326.22168	0.
326.38846	0.
326.55523999999997	0.
326.72202	0.
326.88880000000006	0.
327.05558	0.
327.22236000000004	0.
327.38914	0.
327.55592	0.
327.7227	0.
327.88948	0.
328.05626000000007	0.
328.22304	0.
328.38982000000004	0.
328.5566	0.
328.72338	0.
328.89016	0.
329.05694	0.
329.22372	0.
329.39050000000003	0.
329.55728000000005	0.
329.72406	0.
329.89084	0.
330.05762	0.
330.2244	0.
330.39118	0.
330.55796000000004	0.
330.72474	0.
330.89152	0.
331.05830000000003	0.
331.22508	0.
331.39186	0.
331.55864	0.
331.72542000000004	0.
331.8922	0.
332.05898	0.
332.22576000000004	0.
332.39254	0.
332.55932	0.
332.72610000000003	0.
332.89288000000005	0.
333.05966	0.
333.22644	0.
333.39322	0.