2980.	0.005621
2980.05	0.001025
2980.1	0.000312
2980.15	-0.003105
2980.2	-0.007394
2980.25	-0.003532
2980.3	-0.001608
2980.35	-0.002915
2980.4	-0.004548
2980.45	-0.004488
2980.5	-0.004849
2980.55	-0.002175
2980.6	0.00003
2980.65	0.000577
2980.7	0.001432
2980.75	0.004031
2980.8	0.00548
2980.85	0.006915
2980.9	0.005592
2980.95	0.003601
2981.	0.00381
2981.05	0.003012
2981.1	0.001836
2981.15	0.003332
2981.2	0.00772
2981.25	0.007684
2981.3	0.011696
2981.35	0.012355
2981.4	0.013776
2981.45	0.014444
2981.5	0.01021
2981.55	0.008789
2981.6	0.009501
2981.65	0.009122
2981.7	0.012618
2981.75	0.013673
2981.8	0.011509
2981.85	0.014883
2981.9	0.017741
2981.95	0.017176
2982.	0.015122
2982.05	0.020076
2982.1	0.021493
2982.15	0.01738
2982.2	0.016611
2982.25	0.02049
2982.3	0.014061
2982.35	0.011732
2982.4	0.014589
2982.45	0.015006
2982.5	0.011885
2982.55	0.009559
2982.6	0.007624
2982.65	0.00786
2982.7	0.006362
2982.75	0.006149
2982.8	0.010111
2982.85	0.008109
2982.9	0.011017
2982.95	0.00955
2983.	0.009751
2983.05	0.006871
2983.1	0.002004
2983.15	0.006226
2983.2	0.007149
2983.25	0.004355
2983.3	0.000706
2983.35	0.002473
2983.4	-0.000547
2983.45	-0.003579
2983.5	-0.000524
2983.55	-0.001508
2983.6	-0.005441
2983.65	-0.00687
2983.7	-0.010475
2983.75	-0.008071
2983.8	-0.004429
2983.85	-0.004229
2983.9	-0.004924
2983.95	-0.011784
2984.	-0.016786
2984.05	-0.017992
2984.1	-0.017073
2984.15	-0.018795
2984.2	-0.015213
2984.25	-0.015841
2984.3	-0.019769
2984.35	-0.021143
2984.4	-0.019091
2984.45	-0.018839
2984.5	-0.019698
2984.55	-0.018643
2984.6	-0.017366
2984.65	-0.022417
2984.7	-0.025686
2984.75	-0.024814
2984.8	-0.01994
2984.85	-0.019596
2984.9	-0.021075
2984.95	-0.01972
2985.	-0.020833
2985.05	-0.025267
2985.1	-0.023749
2985.15	-0.019779
2985.2	-0.015573
2985.25	-0.017138
2985.3	-0.023859
2985.35	-0.024563
2985.4	-0.022403
2985.45	-0.021372
2985.5	-0.020275
2985.55	-0.018172
2985.6	-0.014225
2985.65	-0.016598
2985.7	-0.018413
2985.75	-0.013667
2985.8	-0.013293
2985.85	-0.014764
2985.9	-0.011886
2985.95	-0.012982
2986.	-0.013317
2986.05	-0.014848
2986.1	-0.007794
2986.15	-0.00502
2986.2	-0.005831
2986.25	-0.004022
2986.3	-0.005381
2986.35	-0.003474
2986.4	-0.004366
2986.45	-0.009268
2986.5	-0.007556
2986.55	-0.003277
2986.6	-0.001234
2986.65	-0.005559
2986.7	-0.005591
2986.75	-0.007239
2986.8	-0.00355
2986.85	-0.004503
2986.9	-0.005254
2986.95	-0.005668
2987.	-0.002352
2987.05	-0.001942
2987.1	-0.003583
2987.15	-0.004935
2987.2	-0.004132
2987.25	-0.003078
2987.3	-0.000584
2987.35	0.002162
2987.4	0.001968
2987.45	0.000869
2987.5	0.001486
2987.55	0.001677
2987.6	0.003153
2987.65	0.007676
2987.7	0.007942
2987.75	0.003013
2987.8	0.006138
2987.85	0.009386
2987.9	0.005554
2987.95	0.003033
2988.	0.003174
2988.05	0.005982
2988.1	0.006678
2988.15	0.004633
2988.201	0.004773
2988.251	0.007049
2988.301	0.002984
2988.351	0.001433
2988.401	0.003067
2988.451	0.002931
2988.501	0.000741
2988.551	-0.000216
2988.601	-0.003141
2988.651	-0.007526
2988.701	-0.003065
2988.751	-0.006026
2988.801	-0.008542
2988.851	-0.004221
2988.901	-0.006838
2988.951	-0.006583
2989.001	-0.004383
2989.051	-0.007225
2989.101	-0.003512
2989.151	0.000733
2989.201	-0.000266
2989.251	-0.001746
2989.301	-0.002977
2989.351	0.002843
2989.401	0.002986
2989.451	0.00497
2989.501	0.004227
2989.551	0.009326
2989.601	0.009916
2989.651	0.009862
2989.701	0.010712
2989.751	0.012566
2989.801	0.014451
2989.851	0.011352
2989.901	0.0103
2989.951	0.009604
2990.001	0.012022
2990.051	0.01236
2990.101	0.012126
2990.151	0.009703
2990.201	0.008406
2990.251	0.005452
2990.301	0.005563
2990.351	0.007874
2990.401	0.00454
2990.451	0.00214
2990.501	0.004885
2990.551	0.005517
2990.601	0.01022
2990.651	0.009294
2990.701	0.004639
2990.751	0.007875
2990.801	0.006681
2990.851	0.006575
2990.901	0.005172
2990.951	0.005657
2991.001	0.005497
2991.051	0.000111
2991.101	-0.002019
2991.151	-0.001013
2991.201	0.001872
2991.251	-0.001625
2991.301	-0.001861
2991.351	0.00391
2991.401	0.000153
2991.451	0.00023
2991.501	-0.00182
2991.551	-0.00128
2991.601	-0.003745
2991.651	-0.007036
2991.701	-0.004248
2991.751	-0.006186
2991.801	-0.006927
2991.851	-0.003124
2991.901	-0.002133
2991.951	0.001129
2992.001	-0.001353
2992.051	-0.00431
2992.101	-0.003137
2992.151	0.004978
2992.201	0.002028
2992.251	0.003165
2992.301	0.004435
2992.351	0.000156
2992.401	0.003639
2992.451	0.004326
2992.501	0.003244
2992.551	-0.001578
2992.601	-0.001175
2992.651	0.003169
2992.701	0.003207
2992.751	0.007324
2992.801	0.006396
2992.851	0.007623
2992.901	0.010487
2992.951	0.006299
2993.001	0.004106
2993.051	0.000906
2993.101	-0.003804
2993.151	-0.007788
2993.201	-0.00969
2993.251	-0.011338
2993.301	-0.012572
2993.351	-0.010696
2993.401	-0.011909
2993.451	-0.007086
2993.501	-0.009242
2993.551	-0.014498
2993.601	-0.007963
2993.651	-0.005258
2993.701	-0.007443
2993.751	-0.008615
2993.801	-0.005617
2993.851	-0.002022
2993.901	-0.002728
2993.951	-0.001417
2994.001	-0.000491
2994.051	-0.00098
2994.101	0.001115
2994.151	0.001703
2994.201	0.001363
2994.251	-0.000111
2994.301	-0.002945
2994.351	-0.003772
2994.401	-0.001293
2994.451	0.000821
2994.501	0.001159
2994.551	-0.000613
2994.601	-0.002177
2994.651	-0.002232
2994.701	-0.001445
2994.751	-0.003014
2994.801	-0.002317
2994.851	-0.000676
2994.901	-0.000257
2994.951	-0.003091
2995.001	-0.002864
2995.051	-0.003064
2995.101	-0.004089
2995.151	-0.002698
2995.201	-0.004101
2995.251	-0.001927
2995.301	0.00182
2995.351	-0.001505
2995.401	0.00147
2995.451	0.006483
2995.501	0.008425
2995.551	0.009791
2995.601	0.013143
2995.651	0.010872
2995.701	0.012013
2995.751	0.012868
2995.801	0.014223
2995.851	0.012053
2995.901	0.008916
2995.951	0.007494
2996.001	0.006151
2996.051	0.010809
2996.101	0.009564
2996.151	0.008591
2996.201	0.008186
2996.251	0.012273
2996.301	0.013973
2996.351	0.016243
2996.401	0.016314
2996.451	0.019217
2996.501	0.020635
2996.551	0.018424
2996.601	0.022637
2996.651	0.023819
2996.701	0.026147
2996.751	0.028212
2996.801	0.031004
2996.851	0.028098
2996.901	0.033351
2996.951	0.032606
2997.001	0.035874
2997.051	0.042117
2997.101	0.042826
2997.151	0.043932
2997.201	0.048591
2997.251	0.05195
2997.301	0.050007
2997.351	0.047243
2997.401	0.046288
2997.451	0.048366
2997.501	0.046501
2997.551	0.050976
2997.601	0.056396
2997.651	0.061594
2997.701	0.067038
2997.751	0.072198
2997.801	0.07185
2997.851	0.069683
2997.901	0.073437
2997.951	0.07538
2998.001	0.078952
2998.051	0.073525
2998.101	0.066479
2998.151	0.060474
2998.201	0.056964
2998.251	0.057428
2998.301	0.056111
2998.351	0.050915
2998.401	0.057942
2998.451	0.056723
2998.501	0.053456
2998.551	0.057441
2998.601	0.057452
2998.651	0.059584
2998.701	0.06703
2998.751	0.058894
2998.801	0.060385
2998.851	0.062254
2998.901	0.060273
2998.951	0.067148
2999.001	0.072819
2999.051	0.07699
2999.101	0.078136
2999.151	0.085273
2999.201	0.090344
2999.251	0.087511
2999.301	0.083079
2999.351	0.079784
2999.401	0.077228
2999.451	0.068959
2999.501	0.066524
2999.551	0.071579
2999.601	0.072403
2999.651	0.075577
2999.701	0.080088
2999.751	0.079056
2999.801	0.082124
2999.851	0.07977
2999.901	0.075161
2999.951	0.078435
3000.001	0.078991
3000.051	0.072108
3000.101	0.069874
3000.151	0.067619
3000.201	0.070511
3000.251	0.066702
3000.301	0.067156
3000.351	0.066639
3000.401	0.069141
3000.451	0.073012
3000.501	0.075989
3000.551	0.082876
3000.601	0.084613
3000.651	0.083842
3000.701	0.088243
3000.751	0.089793
3000.801	0.085188
3000.851	0.08693
3000.901	0.082521
3000.951	0.074598
3001.001	0.06971
3001.051	0.07213
3001.101	0.072123
3001.151	0.075791
3001.201	0.078788
3001.251	0.079974
3001.301	0.085122
3001.351	0.086573
3001.401	0.084171
3001.451	0.08264
3001.501	0.082766
3001.551	0.082535
3001.601	0.079332
3001.651	0.073579
3001.701	0.065968
3001.751	0.065525
3001.801	0.066166
3001.851	0.06911
3001.901	0.063684
3001.951	0.066786
3002.001	0.060581
3002.051	0.06581
3002.101	0.065352
3002.151	0.062087
3002.201	0.060952
3002.251	0.065226
3002.301	0.06188
3002.351	0.066278
3002.401	0.061342
3002.451	0.057311
3002.501	0.060147
3002.551	0.06305
3002.601	0.059522
3002.651	0.055396
3002.701	0.054491
3002.751	0.055275
3002.801	0.054773
3002.851	0.049777
3002.901	0.040487
3002.951	0.037583
3003.001	0.027042
3003.051	0.023377
3003.101	0.017502
3003.151	0.010227
3003.201	-0.001134
3003.251	-0.005107
3003.301	-0.009019
3003.351	-0.020982
3003.401	-0.027221
3003.451	-0.027304
3003.501	-0.025415
3003.551	-0.01113
3003.601	0.006638
3003.651	0.040686
3003.701	0.081492
3003.751	0.140853
3003.801	0.201944
3003.851	0.277363
3003.901	0.35982
3003.951	0.435676
3004.001	0.50181
3004.051	0.53468
3004.101	0.542568
3004.151	0.508035
3004.201	0.431777
3004.251	0.313365
3004.301	0.168499
3004.351	0.000476
3004.401	-0.15971
3004.451	-0.299212
3004.501	-0.39438
3004.551	-0.431151
3004.602	-0.412312
3004.652	-0.34227
3004.702	-0.239795
3004.752	-0.118337
3004.802	-0.015424
3004.852	0.053116
3004.902	0.06912
3004.952	0.021649
3005.002	-0.066204
3005.052	-0.19526
3005.102	-0.334864
3005.152	-0.457901
3005.202	-0.561044
3005.252	-0.647539
3005.302	-0.722477
3005.352	-0.808599
3005.402	-0.916373
3005.452	-1.057124
3005.502	-1.230645
3005.552	-1.387954
3005.602	-1.480462
3005.652	-1.440439
3005.702	-1.201162
3005.752	-0.723446
3005.802	0.014359
3005.852	0.98944
3005.902	2.13299
3005.952	3.347648
3006.002	4.49663
3006.052	5.450085
3006.102	6.06993
3006.152	6.243165
3006.202	5.90462
3006.252	5.036592
3006.302	3.678753
3006.352	1.942657
3006.402	0.006353
3006.452	-1.928088
3006.502	-3.638327
3006.552	-4.928377
3006.602	-5.641064
3006.652	-5.717435
3006.702	-5.220947
3006.752	-4.27825
3006.802	-3.114129
3006.852	-1.990297
3006.902	-1.102789
3006.952	-0.570728
3007.002	-0.411376
3007.052	-0.501638
3007.102	-0.648076
3007.152	-0.6323
3007.202	-0.280214
3007.252	0.474412
3007.302	1.537946
3007.352	2.667721
3007.402	3.578243
3007.452	3.944671
3007.502	3.560457
3007.552	2.400881
3007.602	0.633991
3007.652	-1.388614
3007.702	-3.211332
3007.752	-4.418373
3007.802	-4.710651
3007.852	-4.010006
3007.902	-2.483277
3007.952	-0.479707
3008.002	1.542157
3008.052	3.15759
3008.102	4.078018
3008.152	4.177248
3008.202	3.550626
3008.252	2.43176
3008.302	1.095219
3008.352	-0.183434
3008.402	-1.210419
3008.452	-1.902893
3008.502	-2.242895
3008.552	-2.256514
3008.602	-1.985933
3008.652	-1.457489
3008.702	-0.72367
3008.752	0.152902
3008.802	1.050398
3008.852	1.826043
3008.902	2.339468
3008.952	2.469851
3009.002	2.198043
3009.052	1.59167
3009.102	0.808162
3009.152	0.036464
3009.202	-0.575221
3009.252	-0.924296
3009.302	-1.003561
3009.352	-0.884126
3009.402	-0.662024
3009.452	-0.418443
3009.502	-0.207628
3009.552	-0.030591
3009.602	0.129657
3009.652	0.278432
3009.702	0.403263
3009.752	0.480728
3009.802	0.46019
3009.852	0.331442
3009.902	0.110881
3009.952	-0.147159
3010.002	-0.360034
3010.052	-0.463848
3010.102	-0.434313
3010.152	-0.296837
3010.202	-0.113209
3010.252	0.050134
3010.302	0.140043
3010.352	0.147981
3010.402	0.087466
3010.452	0.014651
3010.502	-0.041084
3010.552	-0.055939
3010.602	-0.045156
3010.652	-0.02248
3010.702	0.006055
3010.752	0.045272
3010.802	0.111546
3010.852	0.227046
3010.902	0.372717
3010.952	0.526958
3011.002	0.626318
3011.052	0.622897
3011.102	0.487482
3011.152	0.229335
3011.202	-0.102038
3011.252	-0.42626
3011.302	-0.66357
3011.352	-0.768102
3011.402	-0.722567
3011.452	-0.55477
3011.502	-0.294681
3011.552	0.019742
3011.602	0.342684
3011.652	0.634638
3011.702	0.87071
3011.752	1.004259
3011.802	1.017332
3011.852	0.886289
3011.902	0.613052
3011.952	0.226045
3012.002	-0.207457
3012.052	-0.618538
3012.102	-0.915946
3012.152	-1.058802
3012.202	-1.021973
3012.252	-0.822469
3012.302	-0.503035
3012.352	-0.113584
3012.402	0.286638
3012.452	0.647714
3012.502	0.92674
3012.552	1.10202
3012.602	1.139592
3012.652	1.014697
3012.702	0.736096
3012.752	0.331222
3012.802	-0.135719
3012.852	-0.573404
3012.902	-0.898131
3012.952	-1.048788
3013.002	-1.0077
3013.052	-0.799027
3013.102	-0.477109
3013.152	-0.09143
3013.202	0.302654
3013.252	0.675257
3013.302	0.982915
3013.352	1.18227
3013.402	1.221912
3013.452	1.073166
3013.502	0.753878
3013.552	0.316651
3013.602	-0.149799
3013.652	-0.559131
3013.702	-0.84227
3013.752	-0.964722
3013.802	-0.94058
3013.852	-0.791908
3013.902	-0.542186
3013.952	-0.219171
3014.002	0.142515
3014.052	0.49829
3014.102	0.793255
3014.152	0.961027
3014.202	0.982844
3014.252	0.854146
3014.302	0.602601
3014.352	0.271858
3014.402	-0.077086
3014.452	-0.405189
3014.502	-0.666522
3014.552	-0.82721
3014.602	-0.852044
3014.652	-0.728326
3014.702	-0.486167
3014.752	-0.175234
3014.802	0.124711
3014.852	0.365318
3014.902	0.521908
3014.952	0.590265
3015.002	0.588443
3015.052	0.531023
3015.102	0.393929
3015.152	0.177466
3015.202	-0.097132
3015.252	-0.368169
3015.302	-0.56012
3015.352	-0.6012
3015.402	-0.501655
3015.452	-0.293472
3015.502	-0.05964
3015.552	0.131221
3015.602	0.280131
3015.652	0.403671
3015.702	0.5223
3015.752	0.624478
3015.802	0.663982
3015.852	0.596884
3015.902	0.413489
3015.952	0.165024
3016.002	-0.06757
3016.052	-0.219324
3016.102	-0.269901
3016.152	-0.263213
3016.202	-0.254994
3016.252	-0.263191
3016.302	-0.273634
3016.352	-0.249464
3016.402	-0.148088
3016.452	0.022869
3016.502	0.208545
3016.552	0.353597
3016.602	0.428219
3016.652	0.448771
3016.702	0.432235
3016.752	0.401584
3016.802	0.3432
3016.852	0.221745
3016.902	0.044184
3016.952	-0.168342
3017.002	-0.349926
3017.052	-0.44192
3017.102	-0.418388
3017.152	-0.305183
3017.202	-0.158175
3017.252	-0.014916
3017.302	0.106542
3017.352	0.221642
3017.402	0.33549
3017.452	0.423668
3017.502	0.447089
3017.552	0.38122
3017.602	0.242094
3017.652	0.066266
3017.702	-0.097351
3017.752	-0.19075
3017.802	-0.232908
3017.852	-0.241355
3017.902	-0.246836
3017.952	-0.233928
3018.002	-0.194653
3018.052	-0.11823
3018.102	-0.00982
3018.152	0.101923
3018.202	0.168767
3018.252	0.181314
3018.302	0.143282
3018.352	0.084253
3018.402	0.043817
3018.452	0.023087
3018.502	0.026231
3018.552	0.038863
3018.602	0.052973
3018.652	0.060802
3018.702	0.059521
3018.752	0.032367
3018.802	-0.007671
3018.852	-0.056646
3018.902	-0.106129
3018.952	-0.132809
3019.002	-0.13917
3019.052	-0.12812
3019.102	-0.117385
3019.152	-0.109217
3019.202	-0.085927
3019.252	-0.031703
3019.302	0.057365
3019.352	0.161008
3019.402	0.236016
3019.452	0.244313
3019.502	0.179825
3019.552	0.082656
3019.602	-0.015179
3019.652	-0.089887
3019.702	-0.1366
3019.752	-0.177804
3019.802	-0.227801
3019.852	-0.271612
3019.902	-0.277105
3019.952	-0.20939
3020.002	-0.077391
3020.052	0.079104
3020.102	0.208602
3020.152	0.279223
3020.202	0.293084
3020.252	0.258829
3020.302	0.212416
3020.352	0.15408
3020.402	0.077697
3020.452	-0.033929
3020.502	-0.170073
3020.552	-0.295233
3020.602	-0.369561
3020.652	-0.377236
3020.702	-0.320068
3020.752	-0.216511
3020.802	-0.091018
3020.852	0.043088
3020.902	0.184039
3020.952	0.31315
3021.003	0.403948
3021.053	0.428645
3021.103	0.386526
3021.153	0.276541
3021.203	0.127421
3021.253	-0.038653
3021.303	-0.189034
3021.353	-0.313738
3021.403	-0.405714
3021.453	-0.430877
3021.503	-0.395062
3021.553	-0.281548
3021.603	-0.115509
3021.653	0.06456
3021.703	0.227415
3021.753	0.347689
3021.803	0.41433
3021.853	0.430832
3021.903	0.383256
3021.953	0.280347
3022.003	0.119207
3022.053	-0.07278
3022.103	-0.259193
3022.153	-0.395781
3022.203	-0.460803
3022.253	-0.465076
3022.303	-0.407727
3022.353	-0.309253
3022.403	-0.164237
3022.453	0.009113
3022.503	0.201359
3022.553	0.367669
3022.603	0.473035
3022.653	0.482137
3022.703	0.394302
3022.753	0.256253
3022.803	0.097579
3022.853	-0.071421
3022.903	-0.223372
3022.953	-0.353649
3023.003	-0.463459
3023.053	-0.511456
3023.103	-0.477652
3023.153	-0.362027
3023.203	-0.179313
3023.253	0.029722
3023.303	0.219912
3023.353	0.359299
3023.403	0.431089
3023.453	0.441236
3023.503	0.393419
3023.553	0.287801
3023.603	0.124508
3023.653	-0.06284
3023.703	-0.243032
3023.753	-0.394166
3023.803	-0.486478
3023.853	-0.516687
3023.903	-0.474499
3023.953	-0.355451
3024.003	-0.183005
3024.053	0.008913
3024.103	0.198441
3024.153	0.337705
3024.203	0.412509
3024.253	0.417686
3024.303	0.364459
3024.353	0.26748
3024.403	0.136768
3024.453	-0.017635
3024.503	-0.191364
3024.553	-0.359469
3024.603	-0.487265
3024.653	-0.533044
3024.703	-0.489462
3024.753	-0.369802
3024.803	-0.214097
3024.853	-0.055531
3024.903	0.087395
3024.953	0.20703
3025.003	0.300745
3025.053	0.355321
3025.103	0.352893
3025.153	0.287749
3025.203	0.153185
3025.253	-0.009781
3025.303	-0.166412
3025.353	-0.298549
3025.403	-0.383459
3025.453	-0.417221
3025.503	-0.403774
3025.553	-0.337373
3025.603	-0.233402
3025.653	-0.106129
3025.703	0.035052
3025.753	0.161534
3025.803	0.259969
3025.853	0.313082
3025.903	0.314778
3025.953	0.272569
3026.003	0.179603
3026.053	0.048009
3026.103	-0.102504
3026.153	-0.242852
3026.203	-0.330446
3026.253	-0.369867
3026.303	-0.367045
3026.353	-0.31596
3026.403	-0.238324
3026.453	-0.141144
3026.503	-0.020253
3026.553	0.110444
3026.603	0.22029
3026.653	0.28146
3026.703	0.295386
3026.753	0.250193
3026.803	0.165794
3026.853	0.072294
3026.903	-0.025464
3026.953	-0.125822
3027.003	-0.216852
3027.053	-0.286934
3027.103	-0.315231
3027.153	-0.288242
3027.203	-0.216651
3027.253	-0.119883
3027.303	-0.012105
3027.353	0.080415
3027.403	0.143265
3027.453	0.179925
3027.503	0.18847
3027.553	0.165735
3027.603	0.114812
3027.653	0.033842
3027.703	-0.059664
3027.753	-0.149017
3027.803	-0.215361
3027.853	-0.256328
3027.903	-0.267925
3027.953	-0.251097
3028.003	-0.20265
3028.053	-0.134614
3028.103	-0.052736
3028.153	0.032144
3028.203	0.099556
3028.253	0.135117
3028.303	0.14522
3028.353	0.134152
3028.403	0.104256
3028.453	0.058455
3028.503	-0.006114
3028.553	-0.088162
3028.603	-0.160589
3028.653	-0.204864
3028.703	-0.212483
3028.753	-0.193114
3028.803	-0.156039
3028.853	-0.121112
3028.903	-0.095773
3028.953	-0.064884
3029.003	-0.020392
3029.053	0.025923
3029.103	0.06492
3029.153	0.073552
3029.203	0.051132
3029.253	0.01131
3029.303	-0.033759
3029.353	-0.065539
3029.403	-0.081907
3029.453	-0.098412
3029.503	-0.118481
3029.553	-0.135379
3029.603	-0.138017
3029.653	-0.132136
3029.703	-0.112043
3029.753	-0.081268
3029.803	-0.052869
3029.853	-0.03158
3029.903	-0.015175
3029.953	-0.008951
3030.003	-0.00155
3030.053	-0.003534
3030.103	-0.010997
3030.153	-0.021696
3030.203	-0.036741
3030.253	-0.048607
3030.303	-0.060204
3030.353	-0.082529
3030.403	-0.101284
3030.453	-0.112909
3030.503	-0.116995
3030.553	-0.103176
3030.603	-0.077046
3030.653	-0.054017
3030.703	-0.04603
3030.753	-0.040135
3030.803	-0.032853
3030.853	-0.022332
3030.903	0.010184
3030.953	0.033633
3031.003	0.041187
3031.053	0.018951
3031.103	-0.012298
3031.153	-0.047081
3031.203	-0.069645
3031.253	-0.085726
3031.303	-0.09804
3031.353	-0.112073
3031.403	-0.125273
3031.453	-0.130636
3031.503	-0.120307
3031.553	-0.091572
3031.603	-0.055038
3031.653	-0.017058
3031.703	0.02007
3031.753	0.042733
3031.803	0.059098
3031.853	0.067676
3031.903	0.057794
3031.953	0.031515
3032.003	-0.003285
3032.053	-0.034673
3032.103	-0.068517
3032.153	-0.104177
3032.203	-0.133222
3032.253	-0.153169
3032.303	-0.15547
3032.353	-0.121048
3032.403	-0.073575
3032.453	-0.00576
3032.503	0.04642
3032.553	0.088963
3032.603	0.109048
3032.653	0.121875
3032.703	0.12017
3032.753	0.102534
3032.803	0.066748
3032.853	0.010607
3032.903	-0.05614
3032.953	-0.120537
3033.003	-0.164312
3033.053	-0.186257
3033.103	-0.176683
3033.153	-0.141528
3033.203	-0.096608
3033.253	-0.036974
3033.303	0.026052
3033.353	0.087715
3033.403	0.136672
3033.453	0.168978
3033.503	0.169416
3033.553	0.145018
3033.603	0.095953
3033.653	0.037425
3033.703	-0.031579
3033.753	-0.096535
3033.803	-0.160159
3033.853	-0.193356
3033.903	-0.193052
3033.953	-0.170849
3034.003	-0.126804
3034.053	-0.069133
3034.103	-0.004229
3034.153	0.063915
3034.203	0.130909
3034.253	0.1798
3034.303	0.196151
3034.353	0.179305
3034.403	0.130896
3034.453	0.055243
3034.503	-0.02479
3034.553	-0.091582
3034.603	-0.150182
3034.653	-0.191391
3034.703	-0.215455
3034.753	-0.209475
3034.803	-0.162997
3034.853	-0.096449
3034.903	-0.011762
3034.953	0.07297
3035.003	0.143314
3035.053	0.18222
3035.103	0.19571
3035.153	0.177859
3035.203	0.137594
3035.253	0.075608
3035.303	0.000249
3035.353	-0.089413
3035.403	-0.16861
3035.453	-0.217609
3035.503	-0.238789
3035.553	-0.221745
3035.603	-0.179252
3035.653	-0.114515
3035.703	-0.030122
3035.753	0.062402
3035.803	0.140288
3035.853	0.187122
3035.903	0.206552
3035.953	0.189878
3036.003	0.145842
3036.053	0.085431
3036.103	0.015326
3036.153	-0.065084
3036.203	-0.146986
3036.253	-0.21011
3036.303	-0.242942
3036.353	-0.236728
3036.403	-0.181657
3036.453	-0.105793
3036.503	-0.022324
3036.553	0.055682
3036.603	0.124937
3036.653	0.183885
3036.703	0.219988
3036.753	0.227298
3036.803	0.192818
3036.853	0.119516
3036.903	0.028741
3036.953	-0.075379
3037.003	-0.164909
3037.053	-0.233238
3037.103	-0.262451
3037.153	-0.254828
3037.203	-0.218114
3037.253	-0.162395
3037.303	-0.088292
3037.354	-0.004036
3037.404	0.084883
3037.454	0.156516
3037.504	0.198953
3037.554	0.202352
3037.604	0.170795
3037.654	0.104333
3037.704	0.009354
3037.754	-0.088516
3037.804	-0.183682
3037.854	-0.252293
3037.904	-0.282884
3037.954	-0.28785
3038.004	-0.267676
3038.054	-0.220257
3038.104	-0.146017
3038.154	-0.052944
3038.204	0.043061
3038.254	0.127107
3038.304	0.181164
3038.354	0.191057
3038.404	0.158786
3038.454	0.100174
3038.504	0.026272
3038.554	-0.049729
3038.604	-0.123697
3038.654	-0.189507
3038.704	-0.235806
3038.754	-0.245574
3038.804	-0.224538
3038.854	-0.168716
3038.904	-0.08767
3038.954	0.008047
3039.004	0.101793
3039.054	0.173539
3039.104	0.218656
3039.154	0.234978
3039.204	0.209825
3039.254	0.155191
3039.304	0.088483
3039.354	0.010743
3039.404	-0.065761
3039.454	-0.131443
3039.504	-0.181599
3039.554	-0.207877
3039.604	-0.20516
3039.654	-0.165265
3039.704	-0.09295
3039.754	-0.006802
3039.804	0.073604
3039.854	0.134962
3039.904	0.171081
3039.954	0.185678
3040.004	0.178338
3040.054	0.154229
3040.104	0.103447
3040.154	0.026719
3040.204	-0.062029
3040.254	-0.133222
3040.304	-0.189793
3040.354	-0.214745
3040.404	-0.201327
3040.454	-0.159974
3040.504	-0.099169
3040.554	-0.030689
3040.604	0.037258
3040.654	0.106193
3040.704	0.154931
3040.754	0.184474
3040.804	0.189573
3040.854	0.161793
3040.904	0.117041
3040.954	0.047048
3041.004	-0.032177
3041.054	-0.098405
3041.104	-0.149171
3041.154	-0.178937
3041.204	-0.169912
3041.254	-0.139245
3041.304	-0.091327
3041.354	-0.030987
3041.404	0.029055
3041.454	0.086237
3041.504	0.135114
3041.554	0.165815
3041.604	0.172977
3041.654	0.147636
3041.704	0.102375
3041.754	0.040008
3041.804	-0.023912
3041.854	-0.072052
3041.904	-0.111143
3041.954	-0.133691
3042.004	-0.14304
3042.054	-0.140253
3042.104	-0.112735
3042.154	-0.064949
3042.204	-0.005991
3042.254	0.05063
3042.304	0.098306
3042.354	0.117207
3042.404	0.1245
3042.454	0.113726
3042.504	0.087094
3042.554	0.038805
3042.604	-0.013858
3042.654	-0.072327
3042.704	-0.116357
3042.754	-0.156504
3042.804	-0.172834
3042.854	-0.168641
3042.904	-0.151023
3042.954	-0.113057
3043.004	-0.069178
3043.054	-0.016065
3043.104	0.036449
3043.154	0.073411
3043.204	0.092946
3043.254	0.094
3043.304	0.078553
3043.354	0.050665
3043.404	0.014557
3043.454	-0.030797
3043.504	-0.082306
3043.554	-0.120735
3043.604	-0.133874
3043.654	-0.12974
3043.704	-0.101737
3043.754	-0.062481
3043.804	-0.016141
3043.854	0.022172
3043.904	0.055108
3043.954	0.084855
3044.004	0.102483
3044.054	0.106912
3044.104	0.088798
3044.154	0.046408
3044.204	-0.002643
3044.254	-0.056578
3044.304	-0.102783
3044.354	-0.141661
3044.404	-0.16233
3044.454	-0.169331
3044.504	-0.153043
3044.554	-0.122369
3044.604	-0.086206
3044.654	-0.04177
3044.704	0.005234
3044.754	0.048903
3044.804	0.092156
3044.854	0.125506
3044.904	0.145481
3044.954	0.149068
3045.004	0.131493
3045.054	0.10359
3045.104	0.069764
3045.154	0.038109
3045.204	0.009657
3045.254	-0.013175
3045.304	-0.030024
3045.354	-0.033566
3045.404	-0.032211
3045.454	-0.01203
3045.504	0.022751
3045.554	0.061628
3045.604	0.095238
3045.654	0.118745
3045.704	0.123064
3045.754	0.118151
3045.804	0.106722
3045.854	0.086776
3045.904	0.060598
3045.954	0.032667
3046.004	0.003432
3046.054	-0.028869
3046.104	-0.053088
3046.154	-0.066595
3046.204	-0.07559
3046.254	-0.076605
3046.304	-0.076245
3046.354	-0.066108
3046.404	-0.053295
3046.454	-0.049096
3046.504	-0.050044
3046.554	-0.053056
3046.604	-0.05458
3046.654	-0.054178
3046.704	-0.053169
3046.754	-0.055969
3046.804	-0.062741
3046.854	-0.073975
3046.904	-0.085108
3046.954	-0.081164
3047.004	-0.076446
3047.054	-0.058621
3047.104	-0.038258
3047.154	-0.031221
3047.204	-0.015949
3047.254	0.000818
3047.304	0.017056
3047.354	0.03701
3047.404	0.049988
3047.454	0.054731
3047.504	0.041749
3047.554	0.015324
3047.604	-0.017146
3047.654	-0.043921
3047.704	-0.073418
3047.754	-0.101124
3047.804	-0.118764
3047.854	-0.12522
3047.904	-0.116472
3047.954	-0.103945
3048.004	-0.080453
3048.054	-0.057425
3048.104	-0.03425
3048.154	-0.013582
3048.204	-0.001875
3048.254	-0.009449
3048.304	-0.03636
3048.354	-0.073359
3048.404	-0.120301
3048.454	-0.161073
3048.504	-0.195523
3048.554	-0.214863
3048.604	-0.224798
3048.654	-0.226384
3048.704	-0.211597
3048.754	-0.17936
3048.804	-0.125358
3048.854	-0.062509
3048.904	0.013511
3048.954	0.094629
3049.004	0.17812
3049.054	0.262674
3049.104	0.359408
3049.154	0.457464
3049.204	0.547407
3049.254	0.636661
3049.304	0.71468
3049.354	0.776056
3049.404	0.828585
3049.454	0.861793
3049.504	0.866529
3049.554	0.84944
3049.604	0.800142
3049.654	0.711429
3049.704	0.569127
3049.754	0.387971
3049.804	0.159887
3049.854	-0.1043
3049.904	-0.385451
3049.954	-0.668666
3050.004	-0.92929
3050.054	-1.158679
3050.104	-1.336637
3050.154	-1.441647
3050.204	-1.47269
3050.254	-1.406368
3050.304	-1.257098
3050.354	-1.03005
3050.404	-0.738476
3050.454	-0.416921
3050.504	-0.081889
3050.554	0.257348
3050.604	0.566144
3050.654	0.822486
3050.704	1.013125
3050.754	1.121437
3050.804	1.147066
3050.854	1.089379
3050.904	0.951109
3050.954	0.750931
3051.004	0.497896
3051.054	0.217172
3051.104	-0.067662
3051.154	-0.345616
3051.204	-0.581551
3051.254	-0.763416
3051.304	-0.858966
3051.354	-0.864486
3051.404	-0.774723
3051.454	-0.596005
3051.504	-0.346694
3051.554	-0.062011
3051.604	0.233157
3051.654	0.499985
3051.704	0.708352
3051.754	0.829493
3051.804	0.859672
3051.854	0.781646
3051.904	0.616023
3051.954	0.38638
3052.004	0.137008
3052.054	-0.093925
3052.104	-0.263514
3052.154	-0.343737
3052.204	-0.335709
3052.254	-0.264795
3052.304	-0.144479
3052.354	-0.010121
3052.404	0.09869
3052.454	0.156166
3052.504	0.158584
3052.554	0.109399
3052.604	0.024362
3052.654	-0.057435
3052.704	-0.100242
3052.754	-0.077623
3052.804	0.020424
3052.854	0.177914
3052.904	0.357825
3052.954	0.497221
3053.004	0.552706
3053.054	0.495716
3053.104	0.312815
3053.154	0.023548
3053.204	-0.323802
3053.254	-0.64664
3053.304	-0.882622
3053.354	-0.963022
3053.404	-0.868851
3053.454	-0.616812
3053.504	-0.245755
3053.554	0.161438
3053.604	0.527105
3053.654	0.777231
3053.704	0.851846
3053.755	0.755771
3053.805	0.530027
3053.855	0.214647
3053.905	-0.098115
3053.955	-0.338802
3054.005	-0.462635
3054.055	-0.470991
3054.105	-0.379657
3054.155	-0.231966
3054.205	-0.073413
3054.255	0.054055
3054.305	0.125628
3054.355	0.136569
3054.405	0.108833
3054.455	0.062332
3054.505	0.036142
3054.555	0.042493
3054.605	0.086797
3054.655	0.143248
3054.705	0.201363
3054.755	0.238449
3054.805	0.241926
3054.855	0.206975
3054.905	0.150127
3054.955	0.070261
3055.005	0.003963
3055.055	-0.052046
3055.105	-0.087781
3055.155	-0.121617
3055.205	-0.153002
3055.255	-0.189735
3055.305	-0.219082
3055.355	-0.223127
3055.405	-0.17842
3055.455	-0.090449
3055.505	0.050695
3055.555	0.210325
3055.605	0.35516
3055.655	0.449095
3055.705	0.476177
3055.755	0.408303
3055.805	0.261729
3055.855	0.059285
3055.905	-0.162469
3055.955	-0.339916
3056.005	-0.445766
3056.055	-0.46851
3056.105	-0.402552
3056.155	-0.270643
3056.205	-0.093679
3056.255	0.095451
3056.305	0.278725
3056.355	0.428934
3056.405	0.53844
3056.455	0.596361
3056.505	0.603108
3056.555	0.549665
3056.605	0.431449
3056.655	0.252444
3056.705	0.034889
3056.755	-0.181794
3056.805	-0.377509
3056.855	-0.496092
3056.905	-0.514296
3056.955	-0.442869
3057.005	-0.291284
3057.055	-0.096911
3057.105	0.102558
3057.155	0.272275
3057.205	0.3799
3057.255	0.428312
3057.305	0.416871
3057.355	0.342831
3057.405	0.230068
3057.455	0.099351
3057.505	-0.042245
3057.555	-0.175653
3057.605	-0.283053
3057.655	-0.348938
3057.705	-0.361835
3057.755	-0.317326
3057.805	-0.219714
3057.855	-0.077016
3057.905	0.090647
3057.955	0.238983
3058.005	0.347462
3058.055	0.395974
3058.105	0.380619
3058.155	0.29673
3058.205	0.184888
3058.255	0.059216
3058.305	-0.061114
3058.355	-0.155452
3058.405	-0.216073
3058.455	-0.243015
3058.505	-0.247295
3058.555	-0.220361
3058.605	-0.163278
3058.655	-0.080642
3058.705	0.014444
3058.755	0.112692
3058.805	0.199337
3058.855	0.261251
3058.905	0.273523
3058.955	0.236965
3059.005	0.170808
3059.055	0.090888
3059.105	0.016583
3059.155	-0.035589
3059.205	-0.071148
3059.255	-0.085842
3059.305	-0.087573
3059.355	-0.077976
3059.405	-0.06046
3059.455	-0.044839
3059.505	-0.031975
3059.555	-0.010191
3059.605	0.015529
3059.655	0.041702
3059.705	0.062574
3059.755	0.07758
3059.805	0.079989
3059.855	0.083851
3059.905	0.083665
3059.955	0.092118
3060.005	0.114664
3060.055	0.139275
3060.105	0.154686
3060.155	0.143679
3060.205	0.109577
3060.255	0.063549
3060.305	-0.003205
3060.355	-0.072058
3060.405	-0.136576
3060.455	-0.165951
3060.505	-0.178462
3060.555	-0.158173
3060.605	-0.117307
3060.655	-0.069822
3060.705	-0.031342
3060.755	0.006137
3060.805	0.047542
3060.855	0.08075
3060.905	0.109562
3060.955	0.123838
3061.005	0.11346
3061.055	0.075786
3061.105	0.024405
3061.155	-0.043635
3061.205	-0.109477
3061.255	-0.152036
3061.305	-0.167819
3061.355	-0.151373
3061.405	-0.103473
3061.455	-0.043028
3061.505	0.019741
3061.555	0.065187
3061.605	0.099977
3061.655	0.123578
3061.705	0.133563
3061.755	0.125652
3061.805	0.091876
3061.855	0.03597
3061.905	-0.039816
3061.955	-0.111321
3062.005	-0.173134
3062.055	-0.211004
3062.105	-0.216158
3062.155	-0.181821
3062.205	-0.122747
3062.255	-0.046765
3062.305	0.022012
3062.355	0.080213
3062.405	0.112025
3062.455	0.120636
3062.505	0.097332
3062.555	0.060656
3062.605	0.015492
3062.655	-0.026524
3062.705	-0.058334
3062.755	-0.081711
3062.805	-0.087591
3062.855	-0.072862
3062.905	-0.048303
3062.955	-0.009501
3063.005	0.024809
3063.055	0.059448
3063.105	0.073187
3063.155	0.079207
3063.205	0.074166
3063.255	0.049763
3063.305	0.020301
3063.355	-0.01731
3063.405	-0.053235
3063.455	-0.084007
3063.505	-0.110604
3063.555	-0.13257
3063.605	-0.147889
3063.655	-0.152819
3063.705	-0.150018
3063.755	-0.13143
3063.805	-0.111268
3063.855	-0.076048
3063.905	-0.036404
3063.955	-0.007588
3064.005	0.015951
3064.055	0.021386
3064.105	0.019933
3064.155	0.016261
3064.205	0.015067
3064.255	0.018604
3064.305	0.020123
3064.355	0.014892
3064.405	-0.001893
3064.455	-0.017507
3064.505	-0.03057
3064.555	-0.039098
3064.605	-0.045105
3064.655	-0.043591
3064.705	-0.03592
3064.755	-0.0286
3064.805	-0.027976
3064.855	-0.038485
3064.905	-0.053647
3064.955	-0.070373
3065.005	-0.079809
3065.055	-0.08258
3065.105	-0.074837
3065.155	-0.054417
3065.205	-0.034474
3065.255	-0.018357
3065.305	-0.004587
3065.355	0.018647
3065.405	0.033562
3065.455	0.029836
3065.505	0.016095
3065.555	-0.009321
3065.605	-0.050372
3065.655	-0.088871
3065.705	-0.120657
3065.755	-0.134849
3065.805	-0.129613
3065.855	-0.104321
3065.905	-0.065127
3065.955	-0.013894
3066.005	0.044995
3066.055	0.095762
3066.105	0.128258
3066.155	0.146008
3066.205	0.1416
3066.255	0.115757
3066.305	0.074666
3066.355	0.019607
3066.405	-0.040262
3066.455	-0.094021
3066.505	-0.13754
3066.555	-0.160175
3066.605	-0.158203
3066.655	-0.12676
3066.705	-0.073342
3066.755	-0.007301
3066.805	0.064182
3066.855	0.126896
3066.905	0.159882
3066.955	0.175387
3067.005	0.165184
3067.055	0.121161
3067.105	0.065463
3067.155	0.000178
3067.205	-0.076654
3067.255	-0.146401
3067.305	-0.196613
3067.355	-0.230033
3067.405	-0.233533
3067.455	-0.199219
3067.505	-0.133149
3067.555	-0.050597
3067.605	0.03603
3067.655	0.117335
3067.705	0.173969
3067.755	0.203468
3067.805	0.211888
3067.855	0.191568
3067.905	0.137175
3067.955	0.078806
3068.005	0.007808
3068.055	-0.06333
3068.105	-0.121642
3068.155	-0.162871
3068.205	-0.180665
3068.255	-0.163713
3068.305	-0.118213
3068.355	-0.058077
3068.405	0.012357
3068.455	0.079395
3068.505	0.123926
3068.555	0.145397
3068.605	0.144567
3068.655	0.128201
3068.705	0.090309
3068.755	0.043273
3068.805	-0.013758
3068.855	-0.07394
3068.905	-0.127924
3068.955	-0.162063
3069.005	-0.170317
3069.055	-0.1559
3069.105	-0.116917
3069.155	-0.056196
3069.205	0.011646
3069.255	0.073542
3069.305	0.122483
3069.355	0.151428
3069.405	0.159034
3069.455	0.14656
3069.505	0.116412
3069.555	0.071485
3069.605	0.015256
3069.655	-0.041386
3069.705	-0.092654
3069.755	-0.125619
3069.805	-0.13791
3069.855	-0.129963
3069.905	-0.091671
3069.955	-0.046118
3070.005	-0.004077
3070.055	0.042792
3070.105	0.077772
3070.156	0.104311
3070.206	0.108437
3070.256	0.097556
3070.306	0.072732
3070.356	0.034541
3070.406	-0.002344
3070.456	-0.038381
3070.506	-0.075903
3070.556	-0.094777
3070.606	-0.102998
3070.656	-0.095656
3070.706	-0.074904
3070.756	-0.048094
3070.806	-0.013833
3070.856	0.015051
3070.906	0.039982
3070.956	0.060674
3071.006	0.077677
3071.056	0.086502
3071.106	0.084488
3071.156	0.068066
3071.206	0.048831
3071.256	0.018653
3071.306	-0.010433
3071.356	-0.036236
3071.406	-0.061937
3071.456	-0.077225
3071.506	-0.080012
3071.556	-0.076943
3071.606	-0.06583
3071.656	-0.051224
3071.706	-0.026558
3071.756	-0.001272
3071.806	0.016424
3071.856	0.038738
3071.906	0.057426
3071.956	0.067037
3072.006	0.074049
3072.056	0.06871
3072.106	0.054805
3072.156	0.032662
3072.206	0.002446
3072.256	-0.027246
3072.306	-0.059031
3072.356	-0.08675
3072.406	-0.099573
3072.456	-0.110662
3072.506	-0.117047
3072.556	-0.104034
3072.606	-0.078891
3072.656	-0.048008
3072.706	-0.011846
3072.756	0.027133
3072.806	0.062892
3072.856	0.081849
3072.906	0.088158
3072.956	0.077806
3073.006	0.050422
3073.056	0.011766
3073.106	-0.026104
3073.156	-0.066914
3073.206	-0.09902
3073.256	-0.129567
3073.306	-0.150689
3073.356	-0.15984
3073.406	-0.144488
3073.456	-0.103027
3073.506	-0.048546
3073.556	0.007404
3073.606	0.0618
3073.656	0.089074
3073.706	0.101745
3073.756	0.094703
3073.806	0.077286
3073.856	0.048246
3073.906	0.000966
3073.956	-0.051274
3074.006	-0.099794
3074.056	-0.141133
3074.106	-0.171148
3074.156	-0.175001
3074.206	-0.158134
3074.256	-0.116588
3074.306	-0.060491
3074.356	-0.005547
3074.406	0.048148
3074.456	0.085391
3074.506	0.105556
3074.556	0.10809
3074.606	0.092934
3074.656	0.053539
3074.706	-0.004032
3074.756	-0.073281
3074.806	-0.127403
3074.856	-0.179276
3074.906	-0.20785
3074.956	-0.209393
3075.006	-0.187464
3075.056	-0.145671
3075.106	-0.085078
3075.156	-0.011506
3075.206	0.055988
3075.256	0.114573
3075.306	0.150434
3075.356	0.158779
3075.406	0.139373
3075.456	0.09276
3075.506	0.024251
3075.556	-0.0513
3075.606	-0.123592
3075.656	-0.184308
3075.706	-0.223931
3075.756	-0.242023
3075.806	-0.22731
3075.856	-0.184568
3075.906	-0.122492
3075.956	-0.035287
3076.006	0.036271
3076.056	0.088352
3076.106	0.121313
3076.156	0.12961
3076.206	0.106716
3076.256	0.066776
3076.306	0.015344
3076.356	-0.06034
3076.406	-0.137131
3076.456	-0.201931
3076.506	-0.236849
3076.556	-0.245909
3076.606	-0.225851
3076.656	-0.179277
3076.706	-0.119683
3076.756	-0.054911
3076.806	0.009263
3076.856	0.061551
3076.906	0.096987
3076.956	0.116407
3077.006	0.108184
3077.056	0.072729
3077.106	0.016025
3077.156	-0.052361
3077.206	-0.115452
3077.256	-0.168128
3077.306	-0.203438
3077.356	-0.217641
3077.406	-0.223399
3077.456	-0.201919
3077.506	-0.163007
3077.556	-0.10872
3077.606	-0.047615
3077.656	0.018461
3077.706	0.066925
3077.756	0.093056
3077.806	0.084687
3077.856	0.062113
3077.906	0.031267
3077.956	-0.009641
3078.006	-0.050201
3078.056	-0.096419
3078.106	-0.137403
3078.156	-0.157993
3078.206	-0.167825
3078.256	-0.143069
3078.306	-0.09214
3078.356	-0.039128
3078.406	0.016954
3078.456	0.061645
3078.506	0.083895
3078.556	0.089785
3078.606	0.090379
3078.656	0.077055
3078.706	0.051942
3078.756	-0.004144
3078.806	-0.062667
3078.856	-0.111892
3078.906	-0.157694
3078.956	-0.173002
3079.006	-0.169873
3079.056	-0.144161
3079.106	-0.114241
3079.156	-0.072207
3079.206	-0.026208
3079.256	0.020053
3079.306	0.053126
3079.356	0.08024
3079.406	0.086259
3079.456	0.070668
3079.506	0.031026
3079.556	-0.021262
3079.606	-0.083028
3079.656	-0.135028
3079.706	-0.175045
3079.756	-0.204121
3079.806	-0.214301
3079.856	-0.199835
3079.906	-0.171215
3079.956	-0.133182
3080.006	-0.07778
3080.056	-0.027988
3080.106	0.016742
3080.156	0.043986
3080.206	0.048382
3080.256	0.027736
3080.306	0.004951
3080.356	-0.033177
3080.406	-0.080445
3080.456	-0.121672
3080.506	-0.159262
3080.556	-0.184203
3080.606	-0.185736
3080.656	-0.179473
3080.706	-0.15469
3080.756	-0.124446
3080.806	-0.091142
3080.856	-0.050478
3080.906	-0.017244
3080.956	0.008573
3081.006	0.01692
3081.056	0.008636
3081.106	-0.006343
3081.156	-0.02911
3081.206	-0.057364
3081.256	-0.082289
3081.306	-0.101389
3081.356	-0.123748
3081.406	-0.133741
3081.456	-0.132224
3081.506	-0.123528
3081.556	-0.105891
3081.606	-0.08774
3081.656	-0.067379
3081.706	-0.057047
3081.756	-0.042607
3081.806	-0.040321
3081.856	-0.03207
3081.906	-0.026839
3081.956	-0.032675
3082.006	-0.043961
3082.056	-0.065155
3082.106	-0.086779
3082.156	-0.099677
3082.206	-0.11006
3082.256	-0.108437
3082.306	-0.104278
3082.356	-0.097419
3082.406	-0.09233
3082.456	-0.094029
3082.506	-0.085338
3082.556	-0.07404
3082.606	-0.060063
3082.656	-0.049451
3082.706	-0.042492
3082.756	-0.041641
3082.806	-0.046739
3082.856	-0.058459
3082.906	-0.059665
3082.956	-0.062724
3083.006	-0.075915
3083.056	-0.092379
3083.106	-0.110569
3083.156	-0.125186
3083.206	-0.130854
3083.256	-0.126613
3083.306	-0.124814
3083.356	-0.112925
3083.406	-0.103837
3083.456	-0.092906
3083.506	-0.074159
3083.556	-0.059758
3083.606	-0.04636
3083.656	-0.035089
3083.706	-0.032335
3083.756	-0.035851
3083.806	-0.040751
3083.856	-0.046285
3083.906	-0.052912
3083.956	-0.061394
3084.006	-0.068191
3084.056	-0.071025
3084.106	-0.074678
3084.156	-0.065452
3084.206	-0.054437
3084.256	-0.040089
3084.306	-0.029604
3084.356	-0.010616
3084.406	-0.007778
3084.456	-0.010417
3084.506	-0.008482
3084.556	-0.01559
3084.606	-0.019521
3084.656	-0.0341
3084.706	-0.049023
3084.756	-0.070231
3084.806	-0.087284
3084.856	-0.098813
3084.906	-0.098844
3084.956	-0.09491
3085.006	-0.089484
3085.056	-0.073599
3085.106	-0.057522
3085.156	-0.044026
3085.206	-0.028829
3085.256	-0.015608
3085.306	-0.014513
3085.356	-0.020984
3085.406	-0.028136
3085.456	-0.041323
3085.506	-0.059455
3085.556	-0.076073
3085.606	-0.101352
3085.656	-0.122226
3085.706	-0.133419
3085.756	-0.127939
3085.806	-0.118454
3085.856	-0.101853
3085.906	-0.075455
3085.956	-0.057765
3086.006	-0.040727
3086.056	-0.023581
3086.106	-0.011054
3086.156	-0.007306
3086.206	-0.019598
3086.256	-0.036806
3086.306	-0.069029
3086.356	-0.095296
3086.406	-0.127145
3086.456	-0.144544
3086.507	-0.149088
3086.557	-0.157986
3086.607	-0.154997
3086.657	-0.142714
3086.707	-0.125445
3086.757	-0.101255
3086.807	-0.074096
3086.857	-0.052333
3086.907	-0.038847
3086.957	-0.040446
3087.007	-0.052084
3087.057	-0.069149
3087.107	-0.088326
3087.157	-0.117124
3087.207	-0.139875
3087.257	-0.158391
3087.307	-0.166392
3087.357	-0.169707
3087.407	-0.164891
3087.457	-0.156233
3087.507	-0.131175
3087.557	-0.10612
3087.607	-0.083776
3087.657	-0.05933
3087.707	-0.050152
3087.757	-0.055323
3087.807	-0.053912
3087.857	-0.062759
3087.907	-0.07614
3087.957	-0.091485
3088.007	-0.104679
3088.057	-0.115555
3088.107	-0.12352
3088.157	-0.123302
3088.207	-0.113786
3088.257	-0.099489
3088.307	-0.080439
3088.357	-0.056721
3088.407	-0.036209
3088.457	-0.018319
3088.507	-0.011867
3088.557	-0.01757
3088.607	-0.024691
3088.657	-0.039717
3088.707	-0.058059
3088.757	-0.073261
3088.807	-0.089273
3088.857	-0.115849
3088.907	-0.129511
3088.957	-0.123732
3089.007	-0.115107
3089.057	-0.101891
3089.107	-0.073506
3089.157	-0.055307
3089.207	-0.036625
3089.257	-0.031183
3089.307	-0.023869
3089.357	-0.025294
3089.407	-0.04033
3089.457	-0.059134
3089.507	-0.089521
3089.557	-0.121177
3089.607	-0.144255
3089.657	-0.157111
3089.707	-0.161023
3089.757	-0.154434
3089.807	-0.140973
3089.857	-0.123317
3089.907	-0.104465
3089.957	-0.08174
3090.007	-0.058093
3090.057	-0.052411
3090.107	-0.048379
3090.157	-0.047964
3090.207	-0.056952
3090.257	-0.071674
3090.307	-0.091069
3090.357	-0.108458
3090.407	-0.121333
3090.457	-0.13306
3090.507	-0.133035
3090.557	-0.141247
3090.607	-0.139706
3090.657	-0.140454
3090.707	-0.132239
3090.757	-0.128674
3090.807	-0.125605
3090.857	-0.116328
3090.907	-0.10786
3090.957	-0.102097
3091.007	-0.100398
3091.057	-0.092388
3091.107	-0.077434
3091.157	-0.060984
3091.207	-0.038398
3091.257	-0.006055
3091.307	0.026333
3091.357	0.049917
3091.407	0.068504
3091.457	0.0885
3091.507	0.096592
3091.557	0.093207
3091.607	0.071188
3091.657	0.028915
3091.707	-0.033873
3091.757	-0.105786
3091.807	-0.185145
3091.857	-0.261729
3091.907	-0.314326
3091.957	-0.361124
3092.007	-0.383544
3092.057	-0.388894
3092.107	-0.368695
3092.157	-0.327436
3092.207	-0.269288
3092.257	-0.2036
3092.307	-0.128971
3092.357	-0.051073
3092.407	0.024063
3092.457	0.104465
3092.507	0.18013
3092.557	0.254803
3092.607	0.320402
3092.657	0.364861
3092.707	0.389323
3092.757	0.379371
3092.807	0.342115
3092.857	0.282033
3092.907	0.203665
3092.957	0.120404
3093.007	0.043794
3093.057	-0.026154
3093.107	-0.080968
3093.157	-0.128387
3093.207	-0.165711
3093.257	-0.215743
3093.307	-0.267036
3093.357	-0.322334
3093.407	-0.383318
3093.457	-0.437392
3093.507	-0.481112
3093.557	-0.489912
3093.607	-0.462303
3093.657	-0.399313
3093.707	-0.312876
3093.757	-0.205186
3093.807	-0.091023
3093.857	0.017589
3093.907	0.110364
3093.957	0.180977
3094.007	0.232513
3094.057	0.270637
3094.107	0.301368
3094.157	0.315866
3094.207	0.319184
3094.257	0.304907
3094.307	0.27136
3094.357	0.228652
3094.407	0.177503
3094.457	0.112196
3094.507	0.035788
3094.557	-0.032477
3094.607	-0.106363
3094.657	-0.175404
3094.707	-0.234488
3094.757	-0.276299
3094.807	-0.297932
3094.857	-0.299581
3094.907	-0.275513
3094.957	-0.237821
3095.007	-0.171162
3095.057	-0.100518
3095.107	-0.02458
3095.157	0.05387
3095.207	0.113433
3095.257	0.164864
3095.307	0.205087
3095.357	0.222567
3095.407	0.226941
3095.457	0.216807
3095.507	0.185145
3095.557	0.133498
3095.607	0.070174
3095.657	0.006713
3095.707	-0.062925
3095.757	-0.126011
3095.807	-0.174464
3095.857	-0.205313
3095.907	-0.214436
3095.957	-0.202665
3096.007	-0.168044
3096.057	-0.119624
3096.107	-0.063268
3096.157	-0.00362
3096.207	0.057437
3096.257	0.110506
3096.307	0.154854
3096.357	0.175661
3096.407	0.167556
3096.457	0.137978
3096.507	0.08938
3096.557	0.021693
3096.607	-0.048488
3096.657	-0.116647
3096.707	-0.183431
3096.757	-0.240866
3096.807	-0.278959
3096.857	-0.289345
3096.907	-0.272378
3096.957	-0.230357
3097.007	-0.168544
3097.057	-0.094294
3097.107	-0.014147
3097.157	0.065226
3097.207	0.130238
3097.257	0.172493
3097.307	0.18086
3097.357	0.155585
3097.407	0.102042
3097.457	0.036106
3097.507	-0.042785
3097.557	-0.115176
3097.607	-0.174179
3097.657	-0.213505
3097.707	-0.221564
3097.757	-0.197905
3097.807	-0.159321
3097.857	-0.111475
3097.907	-0.05136
3097.957	-0.007459
3098.007	0.020026
3098.057	0.027893
3098.107	0.017948
3098.157	-0.010304
3098.207	-0.031873
3098.257	-0.052834
3098.307	-0.059926
3098.357	-0.044258
3098.407	-0.020459
3098.457	0.006492
3098.507	0.030425
3098.557	0.045986
3098.607	0.032209
3098.657	0.011417
3098.707	-0.028144
3098.757	-0.082899
3098.807	-0.138705
3098.857	-0.177453
3098.907	-0.192222
3098.957	-0.178432
3099.007	-0.136885
3099.057	-0.078919
3099.107	-0.024792
3099.157	0.021031
3099.207	0.042996
3099.257	0.037639
3099.307	0.00822
3099.357	-0.038585
3099.407	-0.088656
3099.457	-0.13155
3099.507	-0.157429
3099.557	-0.157258
3099.607	-0.135761
3099.657	-0.09797
3099.707	-0.044495
3099.757	0.003057
3099.807	0.030172
3099.857	0.034094
3099.907	0.012441
3099.957	-0.022843
3100.007	-0.056614
3100.057	-0.094788
3100.107	-0.108809
3100.157	-0.104637
3100.207	-0.095882
3100.257	-0.066203
3100.307	-0.035112
3100.357	-0.009258
3100.407	0.003021
3100.457	-0.001441
3100.507	-0.025058
3100.557	-0.053229
3100.607	-0.084946
3100.657	-0.124138
3100.707	-0.149669
3100.757	-0.167941
3100.807	-0.170494
3100.857	-0.165005
3100.907	-0.149995
3100.957	-0.11978
3101.007	-0.084784
3101.057	-0.051322
3101.107	-0.016453
3101.157	0.012711
3101.207	0.029325
3101.257	0.034428
3101.307	0.022063
3101.357	-0.012699
3101.407	-0.073251
3101.457	-0.137545
3101.507	-0.199669
3101.557	-0.244914
3101.607	-0.255857
3101.657	-0.243533
3101.707	-0.204201
3101.757	-0.141811
3101.807	-0.068581
3101.857	0.004159
3101.907	0.060703
3101.957	0.103341
3102.007	0.116712
3102.057	0.099396
3102.107	0.061194
3102.157	0.008281
3102.207	-0.054068
3102.257	-0.112081
3102.307	-0.159409
3102.357	-0.198824
3102.407	-0.233521
3102.457	-0.250731
3102.507	-0.251566
3102.557	-0.233759
3102.607	-0.202766
3102.657	-0.1542
3102.707	-0.102468
3102.757	-0.04206
3102.807	0.000178
3102.857	0.028522
3102.908	0.040386
3102.958	0.043621
3103.008	0.038939
3103.058	0.025783
3103.108	0.014167
3103.158	0.010283
3103.208	0.007099
3103.258	0.003909
3103.308	-0.002828
3103.358	-0.012664
3103.408	-0.025441
3103.458	-0.051136
3103.508	-0.070997
3103.558	-0.075405
3103.608	-0.078394
3103.658	-0.062832
3103.708	-0.039327
3103.758	-0.001194
3103.808	0.035375
3103.858	0.059268
3103.908	0.063547
3103.958	0.048751
3104.008	0.017451
3104.058	-0.025749
3104.108	-0.075271
3104.158	-0.114548
3104.208	-0.144194
3104.258	-0.162247
3104.308	-0.164005
3104.358	-0.147001
3104.408	-0.113522
3104.458	-0.073573
3104.508	-0.029311
3104.558	0.012971
3104.608	0.047737
3104.658	0.075192
3104.708	0.088279
3104.758	0.08197
3104.808	0.05957
3104.858	0.033798
3104.908	-0.007657
3104.958	-0.051265
3105.008	-0.089394
3105.058	-0.121905
3105.108	-0.146417
3105.158	-0.153483
3105.208	-0.144556
3105.258	-0.120415
3105.308	-0.086603
3105.358	-0.039153
3105.408	0.010585
3105.458	0.060773
3105.508	0.103643
3105.558	0.130359
3105.608	0.136323
3105.658	0.12502
3105.708	0.096132
3105.758	0.049708
3105.808	-0.006043
3105.858	-0.058324
3105.908	-0.101849
3105.958	-0.121331
3106.008	-0.113808
3106.058	-0.087397
3106.108	-0.04823
3106.158	0.004526
3106.208	0.048848
3106.258	0.091377
3106.308	0.128144
3106.358	0.14684
3106.408	0.142851
3106.458	0.117235
3106.508	0.075945
3106.558	0.030496
3106.608	-0.019733
3106.658	-0.068348
3106.708	-0.109524
3106.758	-0.131171
3106.808	-0.129418
3106.858	-0.108421
3106.908	-0.068049
3106.958	-0.027134
3107.008	0.019908
3107.058	0.070179
3107.108	0.105228
3107.158	0.122962
3107.208	0.127613
3107.258	0.110248
3107.308	0.089646
3107.358	0.06206
3107.408	0.028194
3107.458	-0.001614
3107.508	-0.009834
3107.558	-0.016397
3107.608	-0.01072
3107.658	0.007416
3107.708	0.037481
3107.758	0.068178
3107.808	0.102573
3107.858	0.135589
3107.908	0.144408
3107.958	0.136162
3108.008	0.114442
3108.058	0.074082
3108.108	0.02959
3108.158	-0.008571
3108.208	-0.040167
3108.258	-0.067259
3108.308	-0.078203
3108.358	-0.084247
3108.408	-0.073208
3108.458	-0.061042
3108.508	-0.041388
3108.558	-0.020419
3108.608	0.004562
3108.658	0.022915
3108.708	0.031946
3108.758	0.040618
3108.808	0.036823
3108.858	0.03194
3108.908	0.021991
3108.958	0.009563
3109.008	-0.003618
3109.058	-0.014436
3109.108	-0.020363
3109.158	-0.027752
3109.208	-0.027604
3109.258	-0.019728
3109.308	-0.013883
3109.358	-0.001834
3109.408	0.016618
3109.458	0.032785
3109.508	0.047541
3109.558	0.061565
3109.608	0.0711
3109.658	0.064772
3109.708	0.057217
3109.758	0.048316
3109.808	0.022667
3109.858	0.002777
3109.908	-0.020019
3109.958	-0.033935
3110.008	-0.04137
3110.058	-0.039424
3110.108	-0.038118
3110.158	-0.036706
3110.208	-0.033071
3110.258	-0.034865
3110.308	-0.028452
3110.358	-0.021266
3110.408	-0.015401
3110.458	-0.008872
3110.508	-0.01186
3110.558	-0.01642
3110.608	-0.023343
3110.658	-0.034193
3110.708	-0.041033
3110.758	-0.043505
3110.808	-0.043549
3110.858	-0.030013
3110.908	-0.01685
3110.958	0.000111
3111.008	0.017214
3111.058	0.02525
3111.108	0.031104
3111.158	0.041521
3111.208	0.047483
3111.258	0.046966
3111.308	0.047264
3111.358	0.03781
3111.408	0.036189
3111.458	0.029559
3111.508	0.019123
3111.558	0.013211
3111.608	0.000759
3111.658	-0.01074
3111.708	-0.015583
3111.758	-0.018181
3111.808	-0.015018
3111.858	-0.015337
3111.908	-0.014193
3111.958	-0.01716
3112.008	-0.01594
3112.058	-0.016011
3112.108	-0.016398
3112.158	-0.02058
3112.208	-0.02814
3112.258	-0.035085
3112.308	-0.040213
3112.358	-0.049605
3112.408	-0.048375
3112.458	-0.042439
3112.508	-0.029492
3112.558	-0.013206
3112.608	0.004312
3112.658	0.01931
3112.708	0.03425
3112.758	0.043024
3112.808	0.046231
3112.858	0.037948
3112.908	0.0234
3112.958	0.003695
3113.008	-0.021927
3113.058	-0.053231
3113.108	-0.079127
3113.158	-0.106059
3113.208	-0.118936
3113.258	-0.125828
3113.308	-0.121155
3113.358	-0.102718
3113.408	-0.076111
3113.458	-0.058681
3113.508	-0.04315
3113.558	-0.028115
3113.608	-0.02765
3113.658	-0.028695
3113.708	-0.041423
3113.758	-0.064525
3113.808	-0.090224
3113.858	-0.117953
3113.908	-0.142609
3113.958	-0.147854
3114.008	-0.153819
3114.058	-0.144194
3114.108	-0.11886
3114.158	-0.084286
3114.208	-0.04316
3114.258	0.003508
3114.308	0.049523
3114.358	0.09245
3114.408	0.11807
3114.458	0.130052
3114.508	0.127716
3114.558	0.106995
3114.608	0.072235
3114.658	0.030217
3114.708	-0.008729
3114.758	-0.049223
3114.808	-0.085097
3114.858	-0.107341
3114.908	-0.116081
3114.958	-0.109158
3115.008	-0.087168
3115.058	-0.056841
3115.108	-0.020368
3115.158	0.013196
3115.208	0.04698
3115.258	0.0617
3115.308	0.068132
3115.358	0.064491
3115.408	0.046544
3115.458	0.018156
3115.508	-0.012766
3115.558	-0.039119
3115.608	-0.070569
3115.658	-0.089546
3115.708	-0.096793
3115.758	-0.093018
3115.808	-0.083288
3115.858	-0.062623
3115.908	-0.04737
3115.958	-0.024834
3116.008	-0.006403
3116.058	0.005969
3116.108	0.001976
3116.158	0.003809
3116.208	-0.00854
3116.258	-0.02811
3116.308	-0.058153
3116.358	-0.088453
3116.408	-0.115085
3116.458	-0.13899
3116.508	-0.156507
3116.558	-0.159141
3116.608	-0.153233
3116.658	-0.132154
3116.708	-0.100327
3116.758	-0.069095
3116.808	-0.033454
3116.858	-0.005955
3116.908	0.006056
3116.958	0.006438
3117.008	0.008984
3117.058	0.005893
3117.108	-0.009324
3117.158	-0.023256
3117.208	-0.037244
3117.258	-0.048229
3117.308	-0.051204
3117.358	-0.042134
3117.408	-0.029973
3117.458	-0.007578
3117.508	0.019899
3117.558	0.05011
3117.608	0.078924
3117.658	0.098309
3117.708	0.10591
3117.758	0.096903
3117.808	0.074009
3117.858	0.043361
3117.908	0.00855
3117.958	-0.029557
3118.008	-0.064144
3118.058	-0.098494
3118.108	-0.120134
3118.158	-0.125509
3118.208	-0.116751
3118.258	-0.096881
3118.308	-0.076334
3118.358	-0.043703
3118.408	-0.0093
3118.458	0.025077
3118.508	0.050781
3118.558	0.068195
3118.608	0.087277
3118.658	0.088878
3118.708	0.083982
3118.758	0.068275
3118.808	0.038871
3118.858	0.006053
3118.908	-0.021032
3118.958	-0.03884
3119.008	-0.044404
3119.058	-0.046039
3119.108	-0.03911
3119.158	-0.020609
3119.208	-0.003728
3119.258	0.020766
3119.309	0.035403
3119.359	0.046289
3119.409	0.052186
3119.459	0.046389
3119.509	0.033163
3119.559	0.016607
3119.609	0.003332
3119.659	-0.02367
3119.709	-0.044158
3119.759	-0.056592
3119.809	-0.061857
3119.859	-0.053884
3119.909	-0.039603
3119.959	-0.018603
3120.009	0.00443
3120.059	0.027619
3120.109	0.058382
3120.159	0.075749
3120.209	0.078519
3120.259	0.073596
3120.309	0.058741
3120.359	0.034749
3120.409	0.008287
3120.459	-0.022926
3120.509	-0.05302
3120.559	-0.080825
3120.609	-0.098391
3120.659	-0.107068
3120.709	-0.100699
3120.759	-0.090207
3120.809	-0.075501
3120.859	-0.057769
3120.909	-0.040683
3120.959	-0.02557
3121.009	-0.006919
3121.059	-0.004184
3121.109	-0.005916
3121.159	-0.006796
3121.209	-0.01102
3121.259	-0.024732
3121.309	-0.052386
3121.359	-0.08784
3121.409	-0.120569
3121.459	-0.143047
3121.509	-0.157556
3121.559	-0.161846
3121.609	-0.150486
3121.659	-0.117719
3121.709	-0.072395
3121.759	-0.027525
3121.809	0.01197
3121.859	0.04148
3121.909	0.055994
3121.959	0.049938
3122.009	0.031537
3122.059	-0.00658
3122.109	-0.043187
3122.159	-0.085698
3122.209	-0.121309
3122.259	-0.150622
3122.309	-0.176068
3122.359	-0.195274
3122.409	-0.197574
3122.459	-0.198956
3122.509	-0.190524
3122.559	-0.165776
3122.609	-0.132276
3122.659	-0.092283
3122.709	-0.056631
3122.759	-0.019122
3122.809	0.010247
3122.859	0.017606
3122.909	0.004337
3122.959	-0.026596
3123.009	-0.067543
3123.059	-0.10574
3123.109	-0.152347
3123.159	-0.184836
3123.209	-0.205567
3123.259	-0.213001
3123.309	-0.212865
3123.359	-0.202638
3123.409	-0.181202
3123.459	-0.161141
3123.509	-0.138569
3123.559	-0.121367
3123.609	-0.114586
3123.659	-0.112068
3123.709	-0.117412
3123.759	-0.123964
3123.809	-0.134402
3123.859	-0.142573
3123.909	-0.144412
3123.959	-0.137452
3124.009	-0.120125
3124.059	-0.096662
3124.109	-0.063726
3124.159	-0.039311
3124.209	-0.010479
3124.259	0.011169
3124.309	0.020751
3124.359	0.014288
3124.409	-0.007106
3124.459	-0.031322
3124.509	-0.073172
3124.559	-0.122881
3124.609	-0.178247
3124.659	-0.228918
3124.709	-0.274807
3124.759	-0.311883
3124.809	-0.328879
3124.859	-0.328015
3124.909	-0.307348
3124.959	-0.270261
3125.009	-0.219492
3125.059	-0.164522
3125.109	-0.109439
3125.159	-0.07123
3125.209	-0.046066
3125.259	-0.031867
3125.309	-0.043902
3125.359	-0.069714
3125.409	-0.104068
3125.459	-0.141643
3125.509	-0.172439
3125.559	-0.188248
3125.609	-0.196666
3125.659	-0.19194
3125.709	-0.178828
3125.759	-0.166334
3125.809	-0.149701
3125.859	-0.144381
3125.909	-0.134867
3125.959	-0.126887
3126.009	-0.121448
3126.059	-0.113688
3126.109	-0.107366
3126.159	-0.108334
3126.209	-0.117156
3126.259	-0.131869
3126.309	-0.157278
3126.359	-0.181815
3126.409	-0.198709
3126.459	-0.219343
3126.509	-0.223859
3126.559	-0.222044
3126.609	-0.21012
3126.659	-0.19089
3126.709	-0.171759
3126.759	-0.153323
3126.809	-0.138601
3126.859	-0.129233
3126.909	-0.12089
3126.959	-0.113599
3127.009	-0.115295
3127.059	-0.119247
3127.109	-0.127397
3127.159	-0.130562
3127.209	-0.137898
3127.259	-0.14213
3127.309	-0.13896
3127.359	-0.133496
3127.409	-0.123064
3127.459	-0.107626
3127.509	-0.092135
3127.559	-0.0788
3127.609	-0.075951
3127.659	-0.076009
3127.709	-0.083909
3127.759	-0.093473
3127.809	-0.097769
3127.859	-0.108134
3127.909	-0.116163
3127.959	-0.118848
3128.009	-0.116772
3128.059	-0.119319
3128.109	-0.11101
3128.159	-0.109388
3128.209	-0.109021
3128.259	-0.099687
3128.309	-0.095092
3128.359	-0.092837
3128.409	-0.090257
3128.459	-0.094885
3128.509	-0.095017
3128.559	-0.093756
3128.609	-0.102075
3128.659	-0.106122
3128.709	-0.106782
3128.759	-0.100328
3128.809	-0.101118
3128.859	-0.097039
3128.909	-0.087591
3128.959	-0.084197
3129.009	-0.084646
3129.059	-0.081082
3129.109	-0.080528
3129.159	-0.082989
3129.209	-0.086472
3129.259	-0.094915
3129.309	-0.098222
3129.359	-0.099003
3129.409	-0.101527
3129.459	-0.106406
3129.509	-0.105397
3129.559	-0.102396
3129.609	-0.095758
3129.659	-0.08339
3129.709	-0.075303
3129.759	-0.077378
3129.809	-0.075398
3129.859	-0.079416
3129.909	-0.081654
3129.959	-0.090755
3130.009	-0.101149
3130.059	-0.107444
3130.109	-0.123064
3130.159	-0.140606
3130.209	-0.150576
3130.259	-0.162213
3130.309	-0.172098
3130.359	-0.168385
3130.409	-0.17108
3130.459	-0.173862
3130.509	-0.169622
3130.559	-0.160663
3130.609	-0.149736
3130.659	-0.143233
3130.709	-0.139497
3130.759	-0.136968
3130.809	-0.131791
3130.859	-0.129593
3130.909	-0.132082
3130.959	-0.126325
3131.009	-0.12744
3131.059	-0.13476
3131.109	-0.136391
3131.159	-0.13412
3131.209	-0.129204
3131.259	-0.12429
3131.309	-0.121978
3131.359	-0.112183
3131.409	-0.111978
3131.459	-0.109184
3131.509	-0.107836
3131.559	-0.10166
3131.609	-0.100323
3131.659	-0.097797
3131.709	-0.094202
3131.759	-0.087733
3131.809	-0.075286
3131.859	-0.072162
3131.909	-0.069019
3131.959	-0.059682
3132.009	-0.053769
3132.059	-0.057171
3132.109	-0.053454
3132.159	-0.04246
3132.209	-0.038236
3132.259	-0.036011
3132.309	-0.032082
3132.359	-0.033106
3132.409	-0.040446
3132.459	-0.044071
3132.509	-0.055411
3132.559	-0.059866
3132.609	-0.06007
3132.659	-0.073888
3132.709	-0.075121
3132.759	-0.075218
3132.809	-0.079385
3132.859	-0.085408
3132.909	-0.084206
3132.959	-0.087548
3133.009	-0.086679
3133.059	-0.08408
3133.109	-0.087092
3133.159	-0.095222
3133.209	-0.096645
3133.259	-0.096251
3133.309	-0.102466
3133.359	-0.099234
3133.409	-0.097771
3133.459	-0.104773
3133.509	-0.108025
3133.559	-0.099134
3133.609	-0.095084
3133.659	-0.090827
3133.709	-0.078548
3133.759	-0.070285
3133.809	-0.067973
3133.859	-0.068459
3133.909	-0.066461
3133.959	-0.06472
3134.009	-0.067767
3134.059	-0.075789
3134.109	-0.087119
3134.159	-0.099601
3134.209	-0.109427
3134.259	-0.126635
3134.309	-0.148813
3134.359	-0.16725
3134.409	-0.174794
3134.459	-0.182852
3134.509	-0.190247
3134.559	-0.190424
3134.609	-0.186351
3134.659	-0.175151
3134.709	-0.162366
3134.759	-0.142757
3134.809	-0.117594
3134.859	-0.094146
3134.909	-0.078311
3134.959	-0.070954
3135.009	-0.07444
3135.059	-0.086158
3135.109	-0.103085
3135.159	-0.128355
3135.209	-0.16033
3135.259	-0.190976
3135.309	-0.214355
3135.359	-0.223961
3135.409	-0.217097
3135.459	-0.197912
3135.509	-0.168022
3135.559	-0.126875
3135.609	-0.085376
3135.66	-0.046504
3135.71	-0.01652
3135.76	0.002738
3135.81	0.016351
3135.86	-0.000968
3135.91	-0.014432
3135.96	-0.030831
3136.01	-0.049673
3136.06	-0.061409
3136.11	-0.074569
3136.16	-0.083614
3136.21	-0.086815
3136.26	-0.092936
3136.31	-0.108477
3136.36	-0.135498
3136.41	-0.172198
3136.46	-0.220887
3136.51	-0.27034
3136.56	-0.315814
3136.61	-0.352771
3136.66	-0.363127
3136.71	-0.354835
3136.76	-0.330934
3136.81	-0.284044
3136.86	-0.23042
3136.91	-0.177123
3136.96	-0.125716
3137.01	-0.089318
3137.06	-0.071662
3137.11	-0.073974
3137.16	-0.092564
3137.21	-0.113258
3137.26	-0.134982
3137.31	-0.152124
3137.36	-0.157263
3137.41	-0.145562
3137.46	-0.122309
3137.51	-0.09605
3137.56	-0.059771
3137.61	-0.032792
3137.66	-0.016305
3137.71	-0.004547
3137.76	-0.007946
3137.81	-0.027713
3137.86	-0.052556
3137.91	-0.084872
3137.96	-0.126269
3138.01	-0.156166
3138.06	-0.181329
3138.11	-0.209151
3138.16	-0.24172
3138.21	-0.269402
3138.26	-0.291364
3138.31	-0.303572
3138.36	-0.31969
3138.41	-0.329066
3138.46	-0.329956
3138.51	-0.329149
3138.56	-0.313011
3138.61	-0.292122
3138.66	-0.25351
3138.71	-0.213729
3138.76	-0.164619
3138.81	-0.116879
3138.86	-0.079491
3138.91	-0.058458
3138.96	-0.053513
3139.01	-0.063116
3139.06	-0.090014
3139.11	-0.13068
3139.16	-0.171243
3139.21	-0.215665
3139.26	-0.252379
3139.31	-0.279179
3139.36	-0.288499
3139.41	-0.282788
3139.46	-0.270174
3139.51	-0.241028
3139.56	-0.201762
3139.61	-0.153089
3139.66	-0.106752
3139.71	-0.073242
3139.76	-0.039534
3139.81	-0.02263
3139.86	-0.009361
3139.91	-0.009579
3139.96	-0.025011
3140.01	-0.03886
3140.06	-0.058192
3140.11	-0.079153
3140.16	-0.100989
3140.21	-0.134142
3140.26	-0.162323
3140.31	-0.190192
3140.36	-0.213713
3140.41	-0.233845
3140.46	-0.245797
3140.51	-0.244695
3140.56	-0.233659
3140.61	-0.207874
3140.66	-0.172406
3140.71	-0.132947
3140.76	-0.095365
3140.81	-0.069016
3140.86	-0.057955
3140.91	-0.063653
3140.96	-0.073421
3141.01	-0.094109
3141.06	-0.109504
3141.11	-0.128374
3141.16	-0.145296
3141.21	-0.157541
3141.26	-0.159746
3141.31	-0.146068
3141.36	-0.132879
3141.41	-0.120688
3141.46	-0.101364
3141.51	-0.092887
3141.56	-0.079946
3141.61	-0.071862
3141.66	-0.078155
3141.71	-0.083286
3141.76	-0.091695
3141.81	-0.10088
3141.86	-0.11352
3141.91	-0.11501
3141.96	-0.107032
3142.01	-0.099721
3142.06	-0.093293
3142.11	-0.089215
3142.16	-0.099876
3142.21	-0.116431
3142.26	-0.134667
3142.31	-0.15333
3142.36	-0.177162
3142.41	-0.197284
3142.46	-0.213539
3142.51	-0.217306
3142.56	-0.214464
3142.61	-0.196528
3142.66	-0.164978
3142.71	-0.125782
3142.76	-0.085756
3142.81	-0.044915
3142.86	-0.007768
3142.91	0.011729
3142.96	0.017499
3143.01	0.01317
3143.06	-0.010067
3143.11	-0.040721
3143.16	-0.0735
3143.21	-0.107266
3143.26	-0.133335
3143.31	-0.149144
3143.36	-0.158789
3143.41	-0.152632
3143.46	-0.147117
3143.51	-0.137191
3143.56	-0.120448
3143.61	-0.098705
3143.66	-0.081451
3143.71	-0.061268
3143.76	-0.042262
3143.81	-0.027027
3143.86	-0.01733
3143.91	-0.023587
3143.96	-0.028195
3144.01	-0.030969
3144.06	-0.044433
3144.11	-0.057816
3144.16	-0.078415
3144.21	-0.097007
3144.26	-0.108558
3144.31	-0.115171
3144.36	-0.114468
3144.41	-0.102374
3144.46	-0.083658
3144.51	-0.060256
3144.56	-0.032559
3144.61	-0.009123
3144.66	0.007002
3144.71	0.005124
3144.76	0.005677
3144.81	-0.010712
3144.86	-0.041382
3144.91	-0.076132
3144.96	-0.107444
3145.01	-0.124392
3145.06	-0.129182
3145.11	-0.116516
3145.16	-0.096698
3145.21	-0.07916
3145.26	-0.048595
3145.31	-0.02751
3145.36	-0.005367
3145.41	0.011863
3145.46	0.012835
3145.51	0.012556
3145.56	0.003731
3145.61	-0.014478
3145.66	-0.033326
3145.71	-0.044715
3145.76	-0.048622
3145.81	-0.059074
3145.86	-0.070825
3145.91	-0.084675
3145.96	-0.09794
3146.01	-0.097006
3146.06	-0.101284
3146.11	-0.100056
3146.16	-0.090887
3146.21	-0.082513
3146.26	-0.075033
3146.31	-0.064164
3146.36	-0.037076
3146.41	-0.013178
3146.46	0.006723
3146.51	0.012688
3146.56	0.017587
3146.61	0.012606
3146.66	0.003234
3146.71	-0.007362
3146.76	-0.019413
3146.81	-0.028815
3146.86	-0.031927
3146.91	-0.03896
3146.96	-0.052198
3147.01	-0.056932
3147.06	-0.062125
3147.11	-0.067218
3147.16	-0.066216
3147.21	-0.070253
3147.26	-0.060133
3147.31	-0.044504
3147.36	-0.03676
3147.41	-0.028674
3147.46	-0.020387
3147.51	-0.021217
3147.56	-0.029851
3147.61	-0.037842
3147.66	-0.054158
3147.71	-0.070297
3147.76	-0.07531
3147.81	-0.070926
3147.86	-0.068659
3147.91	-0.063721
3147.96	-0.059868
3148.01	-0.059274
3148.06	-0.054496
3148.11	-0.054453
3148.16	-0.054547
3148.21	-0.055339
3148.26	-0.051932
3148.31	-0.051619
3148.36	-0.051988
3148.41	-0.057793
3148.46	-0.054806
3148.51	-0.041909
3148.56	-0.034468
3148.61	-0.035041
3148.66	-0.03482
3148.71	-0.034221
3148.76	-0.032817
3148.81	-0.036097
3148.86	-0.038531
3148.91	-0.040166
3148.96	-0.046973
3149.01	-0.054542
3149.06	-0.057225
3149.11	-0.055779
3149.16	-0.053555
3149.21	-0.058481
3149.26	-0.057927
3149.31	-0.051153
3149.36	-0.045976
3149.41	-0.038941
3149.46	-0.0325
3149.51	-0.038113
3149.56	-0.045022
3149.61	-0.053957
3149.66	-0.054599
3149.71	-0.055156
3149.76	-0.060863
3149.81	-0.066902
3149.86	-0.067749
3149.91	-0.069047
3149.96	-0.076029
3150.01	-0.083678
3150.06	-0.093765
3150.11	-0.100573
3150.16	-0.106849
3150.21	-0.102059
3150.26	-0.098391
3150.31	-0.092642
3150.36	-0.07523
3150.41	-0.061097
3150.46	-0.059132
3150.51	-0.05483
3150.56	-0.063062
3150.61	-0.078754
3150.66	-0.087003
3150.71	-0.101895
3150.76	-0.111096
3150.81	-0.115342
3150.86	-0.10992
3150.91	-0.101673
3150.96	-0.09259
3151.01	-0.080161
3151.06	-0.064256
3151.11	-0.053969
3151.16	-0.051928
3151.21	-0.049359
3151.26	-0.054623
3151.31	-0.057856
3151.36	-0.065421
3151.41	-0.069153
3151.46	-0.074143
3151.51	-0.078797
3151.56	-0.08575
3151.61	-0.093256
3151.66	-0.102012
3151.71	-0.100317
3151.76	-0.094753
3151.81	-0.091849
3151.86	-0.083
3151.91	-0.067134
3151.96	-0.058577
3152.01	-0.047149
3152.061	-0.03647
3152.111	-0.030349
3152.161	-0.031909
3152.211	-0.041105
3152.261	-0.051071
3152.311	-0.064918
3152.361	-0.078177
3152.411	-0.085278
3152.461	-0.097063
3152.511	-0.110522
3152.561	-0.119082
3152.611	-0.120491
3152.661	-0.118271
3152.711	-0.114838
3152.761	-0.108777
3152.811	-0.09766
3152.861	-0.088726
3152.911	-0.089988
3152.961	-0.094141
3153.011	-0.09451
3153.061	-0.09407
3153.111	-0.091702
3153.161	-0.092733
3153.211	-0.08683
3153.261	-0.08203
3153.311	-0.069216
3153.361	-0.053295
3153.411	-0.036962
3153.461	-0.015135
3153.511	0.009541
3153.561	0.028707
3153.611	0.04802
3153.661	0.060842
3153.711	0.067985
3153.761	0.067105
3153.811	0.056345
3153.861	0.040289
3153.911	0.013547
3153.961	-0.011534
3154.011	-0.039436
3154.061	-0.066498
3154.111	-0.090434
3154.161	-0.105139
3154.211	-0.111824
3154.261	-0.114365
3154.311	-0.116278
3154.361	-0.108763
3154.411	-0.091317
3154.461	-0.06969
3154.511	-0.054565
3154.561	-0.035146
3154.611	-0.016018
3154.661	-0.000219
3154.711	0.019337
3154.761	0.029344
3154.811	0.034438
3154.861	0.034852
3154.911	0.024302
3154.961	0.004086
3155.011	-0.012955
3155.061	-0.032123
3155.111	-0.047084
3155.161	-0.057086
3155.211	-0.054334
3155.261	-0.041259
3155.311	-0.034046
3155.361	-0.017255
3155.411	-0.003935
3155.461	0.002992
3155.511	0.011064
3155.561	0.013118
3155.611	0.003218
3155.661	-0.003316
3155.711	-0.011874
3155.761	-0.018742
3155.811	-0.025486
3155.861	-0.025039
3155.911	-0.025459
3155.961	-0.018138
3156.011	-0.011946
3156.061	-0.008812
3156.111	-0.003497
3156.161	0.005268
3156.211	0.010161
3156.261	0.012172
3156.311	0.013064
3156.361	0.009573
3156.411	0.004019
3156.461	-0.006072
3156.511	-0.01258
3156.561	-0.017189
3156.611	-0.019593
3156.661	-0.02258
3156.711	-0.027409
3156.761	-0.025683
3156.811	-0.027572
3156.861	-0.032734
3156.911	-0.044787
3156.961	-0.054793
3157.011	-0.060391
3157.061	-0.068239
3157.111	-0.073055
3157.161	-0.076897
3157.211	-0.080148
3157.261	-0.062101
3157.311	-0.052065
3157.361	-0.044642
3157.411	-0.028325
3157.461	-0.005278
3157.511	0.006314
3157.561	0.018205
3157.611	0.031252
3157.661	0.04126
3157.711	0.043126
3157.761	0.04327
3157.811	0.033876
3157.861	0.021385
3157.911	0.015059
3157.961	0.009777
3158.011	0.010339
3158.061	0.004946
3158.111	0.00959
3158.161	0.009616
3158.211	0.011758
3158.261	0.021781
3158.311	0.024986
3158.361	0.023343
3158.411	0.016246
3158.461	0.006895
3158.511	-0.008381
3158.561	-0.027027
3158.611	-0.046927
3158.661	-0.064093
3158.711	-0.077915
3158.761	-0.082904
3158.811	-0.085644
3158.861	-0.076979
3158.911	-0.070019
3158.961	-0.05003
3159.011	-0.033436
3159.061	-0.026292
3159.111	-0.019818
3159.161	-0.013492
3159.211	-0.021317
3159.261	-0.036071
3159.311	-0.057515
3159.361	-0.07524
3159.411	-0.092217
3159.461	-0.107399
3159.511	-0.121192
3159.561	-0.127023
3159.611	-0.124326
3159.661	-0.118194
3159.711	-0.105639
3159.761	-0.091216
3159.811	-0.078418
3159.861	-0.063097
3159.911	-0.053816
3159.961	-0.048607
3160.011	-0.045631
3160.061	-0.047701
3160.111	-0.061565
3160.161	-0.074801
3160.211	-0.08727
3160.261	-0.105437
3160.311	-0.120251
3160.361	-0.129742
3160.411	-0.128564
3160.461	-0.126524
3160.511	-0.116539
3160.561	-0.105722
3160.611	-0.089407
3160.661	-0.075999
3160.711	-0.065483
3160.761	-0.052921
3160.811	-0.050587
3160.861	-0.052803
3160.911	-0.05925
3160.961	-0.06729
3161.011	-0.072541
3161.061	-0.080103
3161.111	-0.086642
3161.161	-0.093518
3161.211	-0.095801
3161.261	-0.098363
3161.311	-0.093535
3161.361	-0.091544
3161.411	-0.084195
3161.461	-0.076158
3161.511	-0.069856
3161.561	-0.063619
3161.611	-0.059784
3161.661	-0.063188
3161.711	-0.067125
3161.761	-0.079099
3161.811	-0.091038
3161.861	-0.104012
3161.911	-0.120114
3161.961	-0.124811
3162.011	-0.120855
3162.061	-0.116134
3162.111	-0.111347
3162.161	-0.093124
3162.211	-0.076525
3162.261	-0.064403
3162.311	-0.053066
3162.361	-0.047397
3162.411	-0.045704
3162.461	-0.04739
3162.511	-0.048928
3162.561	-0.054139
3162.611	-0.065596
3162.661	-0.076633
3162.711	-0.084433
3162.761	-0.083152
3162.811	-0.080264
3162.861	-0.075106
3162.911	-0.062128
3162.961	-0.04323
3163.011	-0.023598
3163.061	-0.007474
3163.111	0.003029
3163.161	0.01856
3163.211	0.027388
3163.261	0.030143
3163.311	0.027523
3163.361	0.015895
3163.411	0.000406
3163.461	-0.021169
3163.511	-0.042457
3163.561	-0.060672
3163.611	-0.085576
3163.661	-0.105248
3163.711	-0.116801
3163.761	-0.126899
3163.811	-0.126829
3163.861	-0.118484
3163.911	-0.105483
3163.961	-0.085162
3164.011	-0.065445
3164.061	-0.048705
3164.111	-0.040376
3164.161	-0.030821
3164.211	-0.034443
3164.261	-0.046314
3164.311	-0.071765
3164.361	-0.096918
3164.411	-0.120935
3164.461	-0.13863
3164.511	-0.154749
3164.561	-0.161809
3164.611	-0.158076
3164.661	-0.149503
3164.711	-0.134751
3164.761	-0.116638
3164.811	-0.103252
3164.861	-0.082677
3164.911	-0.071601
3164.961	-0.057424
3165.011	-0.051297
3165.061	-0.048605
3165.111	-0.057582
3165.161	-0.061039
3165.211	-0.066543
3165.261	-0.076533
3165.311	-0.082702
3165.361	-0.082583
3165.411	-0.083348
3165.461	-0.079283
3165.511	-0.081508
3165.561	-0.084238
3165.611	-0.084332
3165.661	-0.084904
3165.711	-0.081397
3165.761	-0.077554
3165.811	-0.07497
3165.861	-0.079501
3165.911	-0.078891
3165.961	-0.07931
3166.011	-0.080779
3166.061	-0.085819
3166.111	-0.08479
3166.161	-0.086531
3166.211	-0.081653
3166.261	-0.074337
3166.311	-0.066899
3166.361	-0.059159
3166.411	-0.043386
3166.461	-0.036371
3166.511	-0.035423
3166.561	-0.036758
3166.611	-0.03828
3166.661	-0.043131
3166.711	-0.05387
3166.761	-0.079696
3166.811	-0.097757
3166.861	-0.114614
3166.911	-0.134568
3166.961	-0.148459
3167.011	-0.156673
3167.061	-0.161435
3167.111	-0.15748
3167.161	-0.147472
3167.211	-0.128629
3167.261	-0.105564
3167.311	-0.07884
3167.361	-0.053525
3167.411	-0.031213
3167.461	-0.009508
3167.511	0.000424
3167.561	0.005772
3167.611	0.00292
3167.661	-0.008201
3167.711	-0.016001
3167.761	-0.037374
3167.811	-0.055906
3167.861	-0.070969
3167.911	-0.086059
3167.961	-0.096938
3168.011	-0.101098
3168.061	-0.101608
3168.111	-0.099855
3168.161	-0.099553
3168.211	-0.095686
3168.261	-0.086438
3168.311	-0.07679
3168.361	-0.068643
3168.411	-0.06687
3168.462	-0.073912
3168.512	-0.074665
3168.562	-0.069518
3168.612	-0.0631
3168.662	-0.061466
3168.712	-0.052283
3168.762	-0.035476
3168.812	-0.017866
3168.862	-0.000773
3168.912	0.011648
3168.962	0.015603
3169.012	0.014893
3169.062	0.015555
3169.112	0.00255
3169.162	-0.020641
3169.212	-0.04373
3169.262	-0.063028
3169.312	-0.072595
3169.362	-0.076945
3169.412	-0.073442
3169.462	-0.061223
3169.512	-0.043647
3169.562	-0.028273
3169.612	-0.006972
3169.662	0.002086
3169.712	-0.001005
3169.762	-0.006696
3169.812	-0.015675
3169.862	-0.026265
3169.912	-0.030596
3169.962	-0.036048
3170.012	-0.048248
3170.062	-0.05826
3170.112	-0.063733
3170.162	-0.073531
3170.212	-0.085469
3170.262	-0.089244
3170.312	-0.090989
3170.362	-0.096797
3170.412	-0.092869
3170.462	-0.080091
3170.512	-0.065766
3170.562	-0.049227
3170.612	-0.036947
3170.662	-0.017262
3170.712	-0.001372
3170.762	0.003788
3170.812	-0.003945
3170.862	-0.014541
3170.912	-0.030811
3170.962	-0.051883
3171.012	-0.070442
3171.062	-0.082908
3171.112	-0.090225
3171.162	-0.091154
3171.212	-0.082787
3171.262	-0.074269
3171.312	-0.064332
3171.362	-0.0547
3171.412	-0.048752
3171.462	-0.052516
3171.512	-0.062115
3171.562	-0.068744
3171.612	-0.077847
3171.662	-0.085518
3171.712	-0.091426
3171.762	-0.097263
3171.812	-0.093008
3171.862	-0.08756
3171.912	-0.083926
3171.962	-0.083355
3172.012	-0.079873
3172.062	-0.070788
3172.112	-0.060824
3172.162	-0.046722
3172.212	-0.039126
3172.262	-0.032062
3172.312	-0.02709
3172.362	-0.020221
3172.412	-0.020026
3172.462	-0.026814
3172.512	-0.03281
3172.562	-0.034019
3172.612	-0.038339
3172.662	-0.046921
3172.712	-0.049378
3172.762	-0.045747
3172.812	-0.037251
3172.862	-0.029037
3172.912	-0.027467
3172.962	-0.027133
3173.012	-0.025606
3173.062	-0.026772
3173.112	-0.02963
3173.162	-0.026743
3173.212	-0.026222
3173.262	-0.032006
3173.312	-0.037455
3173.362	-0.043364
3173.412	-0.051014
3173.462	-0.059508
3173.512	-0.078361
3173.562	-0.095392
3173.612	-0.099651
3173.662	-0.11097
3173.712	-0.118595
3173.762	-0.123361
3173.812	-0.130869
3173.862	-0.142872
3173.912	-0.153062
3173.962	-0.155338
3174.012	-0.15533
3174.062	-0.15885
3174.112	-0.160101
3174.162	-0.162632
3174.212	-0.151248
3174.262	-0.14077
3174.312	-0.128318
3174.362	-0.117329
3174.412	-0.108368
3174.462	-0.098946
3174.512	-0.091065
3174.562	-0.073707
3174.612	-0.063052
3174.662	-0.056468
3174.712	-0.047564
3174.762	-0.043966
3174.812	-0.041051
3174.862	-0.041015
3174.912	-0.048505
3174.962	-0.059571
3175.012	-0.061508
3175.062	-0.069782
3175.112	-0.073364
3175.162	-0.074111
3175.212	-0.074473
3175.262	-0.079624
3175.312	-0.081377
3175.362	-0.076581
3175.412	-0.071616
3175.462	-0.074273
3175.512	-0.081892
3175.562	-0.083067
3175.612	-0.07962
3175.662	-0.084244
3175.712	-0.088131
3175.762	-0.094713
3175.812	-0.098233
3175.862	-0.103196
3175.912	-0.11273
3175.962	-0.119798
3176.012	-0.12164
3176.062	-0.122446
3176.112	-0.124812
3176.162	-0.119263
3176.212	-0.114993
3176.262	-0.113896
3176.312	-0.105234
3176.362	-0.10238
3176.412	-0.09712
3176.462	-0.093851
3176.512	-0.101478
3176.562	-0.109836
3176.612	-0.114193
3176.662	-0.121636
3176.712	-0.132245
3176.762	-0.137547
3176.812	-0.13872
3176.862	-0.142327
3176.912	-0.14555
3176.962	-0.14125
3177.012	-0.140701
3177.062	-0.141244
3177.112	-0.138474
3177.162	-0.136207
3177.212	-0.138178
3177.262	-0.140445
3177.312	-0.146089
3177.362	-0.155044
3177.412	-0.162504
3177.462	-0.169875
3177.512	-0.176255
3177.562	-0.181532
3177.612	-0.183149
3177.662	-0.177376
3177.712	-0.167428
3177.762	-0.15559
3177.812	-0.139809
3177.862	-0.124118
3177.912	-0.105783
3177.962	-0.093191
3178.012	-0.083581
3178.062	-0.075159
3178.112	-0.080086
3178.162	-0.088414
3178.212	-0.09332
3178.262	-0.102501
3178.312	-0.113022
3178.362	-0.118749
3178.412	-0.121287
3178.462	-0.123381
3178.512	-0.115687
3178.562	-0.104416
3178.612	-0.093031
3178.662	-0.081045
3178.712	-0.06825
3178.762	-0.059932
3178.812	-0.053547
3178.862	-0.050292
3178.912	-0.056298
3178.962	-0.064123
3179.012	-0.066739
3179.062	-0.076583
3179.112	-0.086445
3179.162	-0.093172
3179.212	-0.09346
3179.262	-0.096137
3179.312	-0.092652
3179.362	-0.084696
3179.412	-0.066924
3179.462	-0.058909
3179.512	-0.054465
3179.562	-0.050224
3179.612	-0.05337
3179.662	-0.061309
3179.712	-0.073343
3179.762	-0.091399
3179.812	-0.116831
3179.862	-0.135097
3179.912	-0.154034
3179.962	-0.176187
3180.012	-0.196477