0.
-41.64660267155318
-33.13673564559323
-27.725050997516288
-26.182681172246102
-20.2625179420005
-21.986308121145
-18.381387590032976
-14.554919899091844
-13.138471082005516
-13.189229595205324
-16.383900718892942
-14.57878471268031
-13.900646039369068
-12.621485734901867
-15.108830772218656
-14.212715491759406
-9.530315854026652
-2.927733428453993
-11.16841158205522
-4.992287745023351
-13.101588904305785
-7.415176636166676
-10.642595731745189
-2.73442504672464
-4.686786063325481
-5.963330571304417
-0.6106073902808055
-18.20916757426857
-7.3091614716722315
5.945507071140338
10.030342762357252
12.015048936241184
-11.11807153008428
-10.235453099910394
-10.036475269660908
3.8547277059716594
15.711475061040728
2.981691722507961
3.0419049485254224
-1.0960263645091424
-11.74278667399727
-0.3692965278042896
3.3987558970606826
2.7480738816036525
1.8735522889466785
1.671978306369905
-6.633426694003077
15.876883862178113
-0.04562763784368316
-2.2241195575849297
-4.12232399590596
-1.720121530581633
3.7510613304069906
7.424598181895363
-6.035360173958597
-3.9483045874881864
-0.8356887979845462
2.5579012966667625
0.8869166346672687
-5.867419657401933
-0.5156025291448131
5.28617129527187
2.5584962079020084
-1.922332870928295
-4.493789794209457
-1.3075999277167958
2.716386690501779
3.0768649341425824
-0.2605852619931407
-0.8488775614993901
1.715890308304878
2.866119377004811
0.029586832204461688
-4.402341985273695
-1.0067406078584291
3.8668361606759705
2.7842019452603295
-1.8457223959377091
-3.4359874027526387
0.26726628598755153
5.529051826539492
0.6088652846386258
-2.829061209952718
-2.6903581420699596
1.4376763376498796
3.921392539793259
-0.5099116338620846
-3.372118422580838
0.5442571070253436
3.2025150309203805
2.368675174198537
-2.898746649736494
-1.7729186388389706
1.463617912261656
4.262847326411199
-0.5676691094301628
-2.9483000412871805
-0.04422748948552519
3.273283058385709
2.517459348712931
-0.27631457094248385
-3.6400643567190185
1.0807467949033895
2.92277476126887
1.1306600167722323
-3.49517538860937
-0.8951338043817185
0.8798623508750665
3.39293371050432
-1.657436048647257
-5.506432375460912
0.7072004761713717
3.421264203646982
4.44215568703787
-4.885645169762628
-3.0182035031501204
-0.6914838962050158
3.8796769303384946
0.34477942691286917
-4.2677138042359255
-0.3618185240565506
1.0645792795521436
0.9146167227925669
-1.8653599984528009
-6.300301504005795
2.4504047703652
1.3955679308601823
3.057913409415069
-5.146589381512308
-1.6215628125446473
1.295692104426681
3.090380710280973
-1.1232551215979143
-6.36102784394034
1.1776710129526524
2.2747094245696573
3.5475622864196814
-3.4325488547733207
-2.931594612827156
1.9711677827565612
3.9084186762554842
-0.48707697928228694
-4.307598684852869
-0.3127758028583566
3.7217712422524336
3.2162559419482104
-1.374790289690754
-4.4415771524431875
4.575794578447195
3.2933754044889962
3.8584857975381586
-5.532374812823001
0.2096033614856562
2.864076384262994
3.3799815113686433
-0.35019564284465876
-4.088752913370039
2.5624879330341086
2.5387945998540604
2.8805879105660743
-3.6954480392136255
-2.230161895769307
3.444056134518959
1.7850802346683463
-0.7074115167071356
-4.545243945719546
-0.7873740733571808
4.389415939964823
-0.7174262652497729
-2.1965613020976695
-5.883617318264125
3.4158180766790918
1.4881413195748374
0.3865526456902336
-4.846477681646557
-1.1877926493297741
2.8472275430826257
1.2314416080634665
-2.87197270455325
-2.850268951672548
0.6673604807738516
3.1067128235573693
-0.7515299009117585
-3.8835707372138875
0.5219143923813825
2.8897162734383053
2.8610688649738387
-3.2830853463680274
-1.8396699116534942
0.930206564347519
3.5343194263130795
-0.652085956159113
-3.3518818273578654
-0.4167190329490338
3.7093621112562545
0.677597154999234
-1.6708876494354226
-3.4459812798622163
3.2456785276652993
1.2955392482990629
-0.22537797800193146
-4.676085816228649
1.277555542038352
4.577609680183188
1.142097780216186
-3.1527257064378715
-1.7906619276229614
2.877404041794617
3.834250135997727
-0.41080691101626576
-3.3017263736991436
2.948801513930807
3.0417084288386813
1.9249631292198888
-3.1361392623720112
1.7257911860056878
4.284681793772057
3.0068797588942022
-1.1463920223042854
-1.4859778726402446
4.992375864622654
4.502922256121637
0.20350942065814312
-1.2612931749026657
2.0280719680099994
5.976043099574221
0.8886770600901387
-0.5303624849272771
2.985017176023137
5.153250797700319
2.475808816397182
-1.8060277615244602
5.06091251918161
4.989573981480282
1.6023020167168556
-0.20223970789902943
5.42822315582251
5.0278121723454605
0.18346421558819867
7.074518995703567
4.2387796376721445
3.393197821407912
5.944871889765471
5.704538691259333
10.177500552983025
23.541567311172283
35.31006099319617
42.12133364700644
45.79177260806227
43.648693272057145
36.9922245862259
35.36838191498806
23.341297159030468
14.14249197295333
9.894604608147217
8.663893238195056
8.977247821590494
3.886436994802712
6.896620109482911
6.97000956083278
1.9040094967461727
4.1636688003510836
7.495926639862261
4.189425490693804
0.3633093844127906
4.189733080699722
5.4352782535669295
2.645900528638797
-0.08902478413558067
4.24051790388024
4.491764944599227
2.0573169189029734
-0.9454271016782315
2.6382077725282245
3.999551370519134
2.0826180829360603
-1.284920178784591
0.8186440427017913
3.5124414944893254
2.515275302150666
-0.8524253281541821
0.6153685774326846
3.4248860753322874
2.99746133429165
-0.09843970979275207
-0.9605225075187968
4.108694377716617
4.053259435751475
1.9875257194966613
-1.139229162263524
1.8320835871152217
3.865314983527472
3.1782171957275667
-0.17917642216830637
0.43451650469741054
4.262434826357574
3.530598183163808
0.7394118139515462
-0.8689410479215257
2.9899205491112593
4.040189111068097
2.563265801989632
-1.6109519015836185
2.8923846352341185
4.623362911329985
4.028314043011029
-0.17227875183501423
0.7193751781930067
4.284978825822218
4.304205409793837
1.9327557296479638
-0.16303291804152434
3.7392070522901633
5.4671625187019
2.581954009270572
-0.26848760006442807
2.127020517921708
5.5858478547200034
4.035240832021362
0.9030152998108225
0.8379133074389075
4.276739289013109
5.787748099405627
2.2683640580252495
1.1459396188287183
3.2363984036946953
6.646612585262072
4.208705102578908
1.6385782191893419
2.733992041711645
6.391988419701454
5.723604138066672
2.1607717825422843
0.3505648675280042
5.367549631041758
5.728865454938613
4.202837231246342
-0.02217559721218657
4.314384126278223
6.443831652083589
6.689808996321827
2.4936044206424772
1.5561973333967711
6.910350946632084
6.3859410963037275
4.8124623236897035
1.004428743470907
6.047023308962746
7.185255619845082
4.9644992894044275
1.7569112085650826
3.276444300456643
7.537749556327142
5.916147018229609
2.4557112181549683
2.534295665374329
4.823088259096091
7.710934318230315
3.1703006095886055
1.7493172978750173
4.355611214103679
7.867257152280098
4.960831369885094
1.0838589958651703
3.0122360690650574
6.486952162586938
6.313219897773428
2.2140330616917216
1.717926945094868
6.718253222207709
6.71581906784309
3.7161044990986682
0.4750072104874557
5.1349184427168595
5.897143113627308
4.2858205910028655
1.7281235904872065
2.657095744569199
6.546701168426224
3.750282622124238
1.3983494910600796
1.212869185485625
5.352101435716122
5.017853761691068
1.7211452526336384
0.4284633948216222
3.0852589100895003
5.30077633467116
2.966058354516532
0.22152354496715818
4.111833134601502
4.539249677562239
4.364461748927915
0.09758462444020051
3.3108537303546632
5.551769666288412
4.686335805258146
2.6385057649248878
0.9450954381082841
6.648099383176932
4.87530258146874
3.2986977619215607
1.383759816228868
5.748486551986173
7.52849194486952
3.774060670748508
2.4993300499209905
4.120617741247952
7.3628226634067815
4.706632999906968
1.5048396503519972
5.3337093059946135
7.236553014307867
6.414077263721983
2.5641437197266757
4.427004089459354
8.539019702583847
7.491611438016552
5.964923626094398
4.141500265138156
9.57922408792
7.572317025686394
4.904741219807043
3.8891676288230603
6.884349307421575
9.575643400850613
6.454606742770096
4.894339986938976
7.728265636907987
8.528628062445224
7.330560761528919
3.549628011265907
6.440762262666199
10.085638526300704
9.480268614046645
4.446325671609698
5.639870832600342
10.071204377828849
8.753005509811622
5.965460807231759
4.73441395330682
10.318656806487313
7.230560985983104
5.363840899723953
4.362667869483282
8.1989318638084
9.400795443728143
5.588606582779399
4.19601720856324
8.276376247486397
9.37936616841826
5.272558414828989
4.627397128866939
9.69122241802926
8.455700871542048
6.893569500500224
2.7770150355666052
8.448479823189295
9.865108601792889
5.944444560946846
5.076918736334866
7.7549606462933385
9.717483762651378
4.265560082761595
3.902778575885431
8.469121881780644
8.304883276520084
7.119694151933733
4.117230956335507
8.271429838382646
7.259788782393888
5.175472255422847
4.801929013898678
8.893212404192349
10.180861160645579
5.7480543179830725
5.054820250786795
7.630272760105308
7.358784298031784
5.839051490178284
6.477435236102465
11.550673689432738
7.9137101920223465
5.107765281684381
6.9679004974227405
9.390242441954008
8.094170316509532
4.636284516988208
9.070737315479136
8.368115728489604
5.775040861825243
5.474407220467091
9.257578380321723
9.935451435844216
6.779617197085318
7.4387546887279425
9.39907396992038
8.620114511664246
7.270608938120799
11.372299336049055
12.072011619674516
7.225717614056191
8.385994306087142
10.22836357218232
8.292974636349863
9.308106066822335
11.045194780795576
10.609016240321598
7.946652453527054
11.351405631539405
15.251919397088056
13.904202350814222
15.102288323833456
14.648862629683519
13.366613870383357
19.418120787320266
16.796385330850118
16.93251190813388
19.656764515761033
26.22358200186656
33.64414590864321
25.99781792150628
31.36840399837174
41.37586325340069
41.0755734502491
31.984445686962285
49.80340968946976
30.2434008919372
38.69612235872434
31.811074434356783
37.28801685247518
41.915144442138484
41.80921157855854
33.269284239222046
33.4060371127236
31.10378038295913
68.7685912937879
36.92577087248097
30.661812897190856
40.43365102851118
26.60847099265944
20.66510986652907
15.18219544779991
16.479476026827413
11.495484914335828
8.62793039707914
9.137662233385555
9.81046430998022
5.851771721715309
8.941655603955304
7.236040461568873
8.04760463514946
8.437035995606118
4.688394335313296
9.673017418265122
8.13982823228999
7.0280055751509325
8.659151297011704
5.68628543408344
4.696765781179917
11.699318721060072
6.971875328654477
6.8509565897292655
8.524306245529804
6.8907898751447805
6.912823003452774
11.189349671359832
5.809168411481488
3.8076727002536246
4.944329036167082
6.691067537245154
3.8953194660279657
7.520445500168985
5.99514030613348
3.5073321875860426
6.966865651845061
7.652734701669963
7.144198519206348
8.663602863180966
8.654761475071592
5.412173184345674
4.492750649519641
8.408889544477399
9.4395405687197
6.447469925784465
7.156867033546712
7.67266442519497
2.6714717335199363
5.4409690161188395
13.435697528160162
6.6982663297629035
5.9270853609898175
8.066977061010574
4.891932355314756
7.388777680917672
7.047450602817253
7.369013856275016
5.382818517768632
5.21803315718454
7.322603433860742
7.5246644526528215
5.721548340704822
7.556983563464919
5.620982357938992
6.341844151541985
9.879792674586264
8.825029613896497
3.557219823637903
7.241611660005256
6.259424813826799
7.9496523407942075
11.776191366742006
8.147166675194986
5.7935312494382005
4.122548756514013
8.69447276329858
5.428289383620594
5.931510096990685
5.724623876730213
2.7794714657734465
8.470525749285585
10.766434985884695
8.390611348547257
7.95598010684184
9.01430183982858
7.1708021434239
9.266774284636746
8.840002415256246
8.108398165180517
7.0602185871937335
6.253590594636259
7.649060875629256
8.48422245411948
5.2881703345938815
2.5913784658056027
9.623552429342688
9.246267048349159
8.59870159152376
8.928959434758747
7.30551605881011
9.588585304564283
11.242883490307747
6.166756988111507
8.402051898850399
7.596407034673938
11.620669473386894
10.56843065029638
3.961081244262047
10.840785562554704
7.645695179301389
14.553457336262705
6.994422810351154
8.797388296244462
11.86371364613701
9.762686986569621
9.267480118820924
10.65427695327514
16.305093833854833
13.389348605984562
7.24356820497049
18.244866554327135
16.055923072033977
13.317709327577882
23.773522519011344
12.070718600945403
17.40335326944404
20.526564705376725
19.018556569852606
23.406488590990147
32.90725480565262
22.495820871573788
15.533759833280985
19.29379670654318
15.819161466584312
32.338778688948665
34.19085155180763
24.32438667333957
22.377798432296384
31.507437023355074
37.470528284899515
26.482782470309996
27.746611916422054
21.53689425499023
24.633603412540243
27.93256025720972
18.13251224797323
26.14746119818838
17.368947677028185
23.74685113180765
14.155898203225021
21.59624334873239
13.245994724432308
23.76139241747225
26.722331360464043
12.69747689765796
32.74737500821514
14.990050398983351
12.797705906157205
15.36090294967956
14.67549077006382
23.68762094145482
22.1782798645044
20.190222793778748
45.03831815909593
23.35663243654107
23.29361804764111
28.83916437190058
18.67446410568076
13.102786698433018
15.942581256206124
14.605393261601577
21.27130135521606
30.58365963335162
27.997452861349355
19.20372742230989
24.248904796778017
14.236943279239286
25.098654509055628
19.10868053723075
38.42113531237567
17.130379589537963
28.834988160691868
32.34536757945649
17.715936413520904
16.927306223041757
25.743601600661055
11.635799703255728
21.82510997876729
25.47033071693553
15.637151268668905
15.14495370036385
14.134820998360283
10.103045855818477
9.87711263443044
14.67860672359908
18.387604701521195
26.188269959467718
5.170275326660827
12.174629728233558
32.30196566010096
30.365251166969884
24.55986208984145
17.4295387174136
23.530354118023816
22.594982542772016
25.58611756324733
32.91593937132524
15.089705924466672
21.299707635703548
16.627817042421277
23.191127996993952
18.005633485441603
15.036592430834837
23.23931917802117
26.020686824540817
27.07515608361429
4.598421643980463
15.168697289725609
14.984355179213479
24.11752119714913
16.23963021002709
16.043741759822446
15.388105613451167
11.940995981102319
14.920093493447162
15.671173374426287
21.17967487303273
15.986123136304782
15.589748295937502
31.346472889312324
8.229118670629903
12.328406158637579
12.657483433472745
25.53151240165079
20.6670742025981
18.012344246262924
15.689741830207012
14.157878601674877
18.784565817812897
33.69133860843287
11.74771661959985
8.459720130511071
15.720700660948262
24.54176761580975
16.752799571504756
11.226448190532347
18.318219809202315
22.63875797055163
15.970395974959583
3.591386066279352
10.96436922496198
19.99616051466988
18.74257507298899
12.363005625883453
11.885310489224086
10.705728610226627
16.05666893529519
34.58763810365133
12.664113200192535
16.923091775598017
15.475078533656312
13.598490364943837
38.17066524858303
11.397879632991188
-1.4667840125488973
8.237897905582097
4.040804740022403
11.939321546705866
3.940686722789423
7.7662064268094095
9.721277450475995
10.642265360836767
10.152661035516601
14.10454109355786
15.521452616129507
9.80956742442379
4.3144056257427605
6.681839352990524
7.531874864972869
19.819014897309277
12.189905312986903
3.665298860602901
8.81616927065524
-2.1433286884129683
1.2959514092059312
6.783788391849892
13.299848390491555
13.402871912644919
3.0729393331126165
0.4150755947973082
16.843264133968116
23.849958979996433
16.397275831595643
6.746390057183899
13.890972390971918
-0.4425676203515655
-1.5705251112939442
25.805146721873676
2.5628163054165625
19.053874007368787
29.484289763936136
18.499722141923705
13.057496281103306
23.81234449514619
14.943126857772187
15.195973281418073
9.64910840433849
6.062902294843844
12.245021819081614
-10.498994385295385
5.626250815924101
-6.3789110436934005
8.329303069862949
0.8249660365448033
7.899419984266216
13.890676440287535
2.3886889819644126
11.710913856895301
1.703715257620857
14.694840385743573
7.170017213384082
11.869307213619974
24.631701944032507
-4.374139778418
9.660188526058834
11.267599412936026
4.43981806896792
4.7489379927488145
11.730738996343874
5.084679314965256
13.674320305626969
10.61827287191348
3.1409376139087795
2.9673899984014986
13.233664227661796
17.058605083803332
1.6517832377154964
-10.289478262969412
29.049255609050757
4.172179080700809
0.055453427949094226
5.640948282818491
-6.686584752006862
11.468470031488174
22.59483060502454
-0.016633103168458025
1.1664121000153462
7.9346955022671795
3.6756933241992797
-2.40416635684271
8.121283259128369
13.387966870367464
-2.5962258350284384
23.537667285467705
4.517438443950203
6.435459491812861
7.312432292792569
19.840433934778915
-2.983197944992375
1.586664215906509
6.628036923954689
-0.9913564912627918
12.456914794121591
-1.3399124722572762
-7.386972619877633
5.897266052619063
48.60250175191624
14.662986613561984
-6.644639591435094
7.77159214563998
-2.6093993537745255
-0.23463921527998077
-11.973204032330822
8.484302631340901
1.1757389286423325
-8.635995933546226
3.678618281260139
10.38449620297073
1.2854998400052842
3.452820807143748
-17.438065116749947
-11.869360259100773
13.925808723193219
11.709132244315702
-5.411905413097004
-15.54468910349944
6.063212115898648
-6.0121145184026386
5.804015459562357
2.9680092847729984
7.399308517621259
9.734297823477771
14.83878601153473
-15.555376686514755
21.544950402703904
13.923178337050615
-5.98386785404282
-0.017398969348139035
-10.773570446283294
-6.33783218691215
-2.25547734007681
-9.55557036708126
10.416907323566235
2.540476480839756
-14.66387733591906
-4.302824378821226
-34.50006298958329
6.1794646658507055
-12.411681111408635
15.782745888457853
-16.22306624333958
3.82163158700243
0.7422217670788204
19.108424194983826
2.958416857876495
0.4760111312486172
7.689121014603104
-9.812945624775423
-6.7302863048389785
-3.25484829376891
-1.953928003814651
1.20253993761485
-6.745259228681946
0.010747225117852892
-1.7736346803645922
12.632080564450806
-24.879988640532353
-12.222557016972647
-23.462200007344148
-19.292860665395608
-10.02794556571759
-3.3947812727328683
23.251681131019456
2.699859956272503
-12.826704612104997
-1.5686682935307852
3.951132069623027
-2.8645679489414824
-5.461198718610944
-12.883558018061155
1.992292040818073
4.346830718208723
-14.792649490873758
-1.1358441838565432
-4.28435707026713
-3.592167163716816
-4.859467392365566
29.233141223147143
-16.69940745051214
-3.7010535109917786
-27.66565758339266
13.985903259557002
8.083065953847694
6.466232651659771
-11.182362692827645
-8.506736577438662
2.7174207762931237
-3.425218310815904
-28.65009417886397
-22.34954881711578
-18.02078714815549
-1.2551995679761152
-5.913049292734623
2.810965591117718
-10.156359827638491
7.716217441018826
-5.224430671324805
-0.948233063609345
-0.21899690121010734
-11.79662219204512
-4.68639809358605
-7.757273090402225
0.7450592237271989
31.841835234622284
-14.652080230625879
-1.445346969680303
12.213609862896982
-30.308725183541274
1.7605271260288753
2.4724565746799723
7.4894661713001
-4.78334082514444
-7.250308496446759
0.
0.
0.
0.
0.
0.
0.
0.
0.
0.
0.
0.
0.
0.
0.
0.
0.
0.
0.
0.
0.
0.
0.
0.
0.
0.
0.
0.
0.
0.
0.
0.
0.
0.
0.
0.
0.
0.
0.
0.
0.
0.
0.
0.
0.
0.
0.
0.
0.
0.
0.
0.
0.
0.
0.
0.
0.
0.
0.
0.
0.
0.
0.
0.
0.
0.
0.
0.
0.
0.
0.
0.
0.
0.
0.
0.
0.
0.
0.
0.
0.
0.
0.
0.
0.
0.
0.
0.
0.
0.
0.
0.
0.
0.
0.
0.
0.
0.
0.
0.
0.
0.
0.
0.
0.
0.
0.
0.
0.
0.
0.
0.
0.
0.
0.
0.
0.
0.
0.
0.
0.
0.
0.
0.
0.
0.
0.
0.
0.
0.
0.
0.
0.
0.
0.
0.
0.
0.
0.
0.
0.
0.
0.
0.
0.
0.
0.
0.
0.
0.
0.
0.
0.
0.
0.
0.
0.
0.
0.
0.
0.
0.
0.
0.
0.
0.
0.
0.
0.
0.
0.
0.
0.
0.
0.
0.
0.
0.
0.
0.
0.
0.
0.
0.
0.
0.
0.
0.
0.
0.
0.
0.
0.
0.
0.
0.
0.
0.
0.
0.
0.
0.
0.
0.
0.
0.
0.
0.
0.
0.
0.
0.
0.
0.
0.
0.
0.
0.
0.
0.
0.
0.
0.
0.
0.
0.
0.
0.
0.
0.
0.
0.
0.
0.
0.
0.
0.
0.
0.
0.
0.
0.
0.
0.
0.
0.
0.
0.
0.
0.
0.
0.
0.
0.
0.
0.
0.
0.
0.
0.
0.
0.
0.
0.
0.
0.
0.
0.
0.
0.
0.
0.
0.
0.
0.
0.
0.
0.
0.
0.
0.
0.
0.
0.
0.
0.
0.
0.
0.
0.
0.
0.
0.
0.
0.
0.
0.
0.
0.
0.
0.
0.
0.
0.
0.
0.
0.
0.
0.
0.
0.
0.
0.
0.
0.
0.
0.
0.
0.
0.
0.
0.
0.
0.
0.
0.
0.
0.
0.
0.
0.
0.
0.
0.
0.
0.
0.
0.
0.
0.
0.
0.
0.
0.
0.
0.
0.
0.
0.
0.
0.
0.
0.
0.
0.
0.
0.
0.
0.
0.
0.
0.
0.
0.
0.
0.
0.
0.
0.
0.
0.
0.
0.
0.
0.
0.
0.
0.
0.
0.
0.
0.
0.
0.
0.
0.
0.
0.
0.
0.
0.
0.
0.
0.
0.
0.
0.
0.
0.
0.
0.
0.
0.
0.
0.
0.
0.
0.
0.
0.
0.
0.
0.
0.
0.
0.
0.
0.
0.
0.
0.
0.
0.
0.
0.
0.
0.
0.
0.
0.
0.
0.
0.
0.
0.
0.
0.
0.
0.
0.
0.
0.
0.
0.
0.
0.
0.
0.
0.
0.
0.
0.
0.
0.
0.
0.
0.
0.
0.
0.
0.
0.
0.
0.
0.
0.
0.
0.
0.
0.
0.
0.
0.
0.
0.
0.
0.
0.
0.
0.
0.
0.
0.
0.
0.
0.
0.
0.
0.
0.
0.
0.
0.
0.
0.
0.
0.
0.
0.
0.
0.
0.
0.
0.
0.
0.
0.
0.
0.
0.
0.
0.
0.
0.
0.
0.
0.
0.
0.
0.
0.
0.
0.
0.
0.
0.
0.
0.
0.
0.
0.
0.
0.
0.
0.
0.
0.
0.
0.
0.
0.
0.
0.
0.
0.
0.
0.
0.
0.
0.
0.
0.
0.
0.
0.
0.
0.
0.
0.
0.
0.
0.
0.
0.
0.
0.
0.
0.
0.
0.
0.
0.
0.
0.
0.
0.
0.
0.
0.
0.
0.
0.
0.
0.
0.
0.
0.
0.
0.
0.
0.
0.
0.
0.
0.
0.
0.
0.
0.
0.
0.
0.
0.
0.
0.
0.
0.
0.
0.
0.
0.
0.
0.
0.
0.
0.
0.
0.
0.
0.
0.
0.
0.
0.
0.
0.
0.
0.
0.
0.
0.
0.
0.
0.
0.
0.
0.
0.
0.
0.
0.
0.
0.
0.
0.
0.
0.
0.
0.
0.
0.
0.
0.
0.
0.
0.
0.
0.
0.
0.
0.
0.
0.
0.
0.
0.
0.
0.
0.
0.
0.
0.
0.
0.
0.
0.
0.
0.
0.
0.
0.
0.
0.
0.
0.
0.
0.
0.
0.
0.
0.
0.
0.
0.
0.
0.
0.
0.
0.
0.
0.
0.
0.
0.
0.
0.
0.
0.
0.
0.
0.
0.
0.
0.
0.
0.
0.
0.
0.
0.
0.
0.
0.
0.
0.
0.
0.
0.
0.
0.
0.
0.
0.
0.
0.
0.
0.
0.
0.
0.
0.
0.
0.
0.
0.
0.
0.
0.
0.
0.
0.
0.
0.
0.
0.
0.
0.
0.
0.
0.
0.
0.
0.
0.
0.
0.
0.
0.
0.
0.
0.
0.
0.
0.
0.
0.
0.
0.
0.
0.
0.
0.
0.
0.
0.
0.
0.
0.
0.
0.
0.
0.
0.
0.
0.
0.
0.
0.
0.
0.
0.
0.
0.
0.
0.
0.
0.
0.
0.
0.
0.
0.
0.
0.
0.
0.
0.
0.
0.
0.
0.
0.
0.
0.
0.
0.
0.
0.
0.
0.
0.
0.
0.
0.
0.
0.
0.
0.
0.
0.
0.
0.
0.
0.
0.
0.
0.
0.
0.
0.
0.
0.
0.
0.
0.
0.
0.
0.
0.
0.
0.
0.
0.
0.
0.
0.
0.
0.
0.
0.
0.
0.
0.
0.
0.
0.
0.
0.
0.
0.
0.
0.
0.
0.
0.
0.
0.
0.
0.
0.
0.
0.
0.
0.
0.
0.
0.
0.
0.
0.
0.
0.
0.
0.
0.
0.
0.
0.
0.
0.
0.
0.
0.
0.
0.
0.
0.
0.
0.
0.
0.
0.
0.
0.
0.
0.
0.
0.
0.
0.
0.
0.
0.
0.
0.
0.
0.
0.
0.
0.
0.
0.
0.
0.
0.
0.
0.
0.
0.
0.
0.
0.
0.
0.
0.
0.
0.
0.
0.
0.
0.
0.
0.
0.
0.
0.
0.
0.
0.
0.
0.
0.
0.
0.
0.
0.